time, current, entrained
0.10,    10113566.210787,    0.000000
0.20,    10113566.210787,    0.000000
0.30,    10113566.210787,    0.000000
0.40,    10113566.210787,    0.000000
0.50,    10113566.210787,    0.000000
0.60,    10113566.210787,    0.000000
0.70,    10113566.210787,    0.000000
0.80,    10113566.210787,    0.000000
0.90,    10113566.210787,    0.000000
1.00,    10113566.210787,    0.000000
1.10,    10113566.210787,    0.000000
1.20,    10113566.210787,    0.000000
1.30,    10113566.210787,    0.000000
1.40,    10113566.210787,    0.000000
1.50,    10113566.210787,    0.000000
1.60,    10113566.210787,    0.000000
1.70,    10113566.210787,    0.000000
1.80,    10113566.210787,    0.000000
1.90,    10113566.210787,    0.000000
2.00,    10113566.210787,    0.000000
2.10,    10113566.210787,    0.000000
2.20,    10113566.210787,    0.000000
2.30,    10113566.210787,    0.000000
2.40,    10113566.210787,    0.000000
2.50,    10113566.210787,    0.000000
2.60,    10113566.210787,    0.000000
2.70,    10113566.210787,    0.000000
2.80,    10113566.210787,    0.000000
2.90,    10113566.210787,    0.000000
3.00,    10113566.210787,    0.000000
3.10,    10113566.210787,    0.000000
3.20,    10113566.210787,    0.000000
3.30,    10113566.210787,    0.000000
3.40,    10113566.210787,    0.000000
3.50,    10113566.210787,    0.000000
3.60,    10113566.210787,    0.000000
3.70,    10113566.210787,    0.000000
3.80,    10113566.210787,    0.000000
3.90,    10113566.210787,    0.000000
4.00,    10113566.210787,    0.000000
4.10,    10113566.210787,    0.000000
4.20,    10113566.210787,    0.000000
4.30,    10113566.210787,    0.000000
4.40,    10113566.210787,    0.000000
4.50,    10113566.210787,    0.000000
4.60,    10113566.210787,    0.000000
4.70,    10113566.210787,    0.000000
4.80,    10113567.627851,    1.417064
4.90,    10113572.880317,    5.252466
5.00,    10113581.146224,    8.265907
5.10,    10113594.578412,    13.432187
5.20,    10113614.474394,    19.895982
5.30,    10113643.050275,    28.575880
5.40,    10113682.748053,    39.697778
5.50,    10113732.451794,    49.703741
5.60,    10113792.516441,    60.064648
5.70,    10113864.616817,    72.100376
5.80,    10113953.126504,    88.509687
5.90,    10114050.181059,    97.054555
6.00,    10114161.861262,    111.680203
6.10,    10114281.516174,    119.654912
6.20,    10114417.146591,    135.630416
6.30,    10114567.718965,    150.572374
6.40,    10114732.876446,    165.157480
6.50,    10114911.625194,    178.748748
6.60,    10115111.923948,    200.298754
6.70,    10115326.664085,    214.740137
6.80,    10115566.845582,    240.181497
6.90,    10115818.257684,    251.412102
7.00,    10116091.417582,    273.159898
7.10,    10116387.519356,    296.101774
7.20,    10116710.803355,    323.283998
7.30,    10117050.662522,    339.859168
7.40,    10117426.850269,    376.187746
7.50,    10117832.511138,    405.660869
7.60,    10118268.380436,    435.869298
7.70,    10118742.066940,    473.686505
7.80,    10119249.595636,    507.528695
7.90,    10119808.078629,    558.482994
8.00,    10120408.795114,    600.716485
8.10,    10121061.285390,    652.490276
8.20,    10121760.928347,    699.642957
8.30,    10122503.656830,    742.728483
8.40,    10123293.716505,    790.059675
8.50,    10124147.573924,    853.857420
8.60,    10125053.495555,    905.921631
8.70,    10126042.653036,    989.157481
8.80,    10127100.785370,    1058.132334
8.90,    10128217.836838,    1117.051468
9.00,    10129412.831143,    1194.994304
9.10,    10130675.273941,    1262.442798
9.20,    10132026.750697,    1351.476756
9.30,    10133461.594192,    1434.843495
9.40,    10134983.833270,    1522.239078
9.50,    10136584.522501,    1600.689231
9.60,    10138263.418796,    1678.896294
9.70,    10140013.460705,    1750.041910
9.80,    10141844.385080,    1830.924375
9.90,    10143744.637732,    1900.252652
10.00,    10145732.431946,    1987.794214
10.10,    10147798.724764,    2066.292818
10.20,    10149962.753745,    2164.028982
10.30,    10152203.856169,    2241.102424
10.40,    10154537.740608,    2333.884438
10.50,    10156991.444898,    2453.704290
10.60,    10159540.499498,    2549.054600
10.70,    10162199.317855,    2658.818357
10.80,    10164993.472893,    2794.155038
10.90,    10167891.653042,    2898.180149
11.00,    10170915.190418,    3023.537376
11.10,    10174049.863213,    3134.672795
11.20,    10177332.361671,    3282.498459
11.30,    10180724.662844,    3392.301173
11.40,    10184249.271106,    3524.608262
11.50,    10187917.098930,    3667.827824
11.60,    10191715.690026,    3798.591096
11.70,    10195646.685012,    3930.994986
11.80,    10199733.174625,    4086.489613
11.90,    10203943.647951,    4210.473326
12.00,    10208289.743975,    4346.096023
12.10,    10212768.859765,    4479.115790
12.20,    10217401.995879,    4633.136115
12.30,    10222181.165916,    4779.170036
12.40,    10227086.456211,    4905.290296
12.50,    10232144.314215,    5057.858003
12.60,    10236964.129746,    4819.815532
12.70,    10241920.422458,    4956.292711
12.80,    10246549.504214,    4629.081756
12.90,    10251333.851025,    4784.346811
13.00,    10256260.823589,    4926.972564
13.10,    10261006.859429,    4746.035840
13.20,    10265897.032335,    4890.172906
13.30,    10270980.370079,    5083.337743
13.40,    10276203.607006,    5223.236927
13.50,    10281607.611398,    5404.004393
13.60,    10286119.836504,    4512.225105
13.70,    10290309.572123,    4189.735620
13.80,    10294642.072060,    4332.499937
13.90,    10299151.197783,    4509.125723
14.00,    10303842.944551,    4691.746768
14.10,    10308703.898754,    4860.954204
14.20,    10313744.063003,    5040.164249
14.30,    10318521.784924,    4777.721921
14.40,    10323465.101970,    4943.317045
14.50,    10328568.210464,    5103.108495
14.60,    10333337.329708,    4769.119244
14.70,    10338249.274338,    4911.944630
14.80,    10343307.745308,    5058.470970
14.90,    10348498.243367,    5190.498059
15.00,    10353858.935617,    5360.692250
15.10,    10359048.618353,    5189.682736
15.20,    10364395.451716,    5346.833363
15.30,    10369466.795508,    5071.343792
15.40,    10374758.479709,    5291.684202
15.50,    10379672.449549,    4913.969840
15.60,    10384804.203907,    5131.754358
15.70,    10390150.469387,    5346.265480
15.80,    10395671.193304,    5520.723917
15.90,    10401362.919144,    5691.725840
16.00,    10407221.148495,    5858.229351
16.10,    10413237.535055,    6016.386560
16.20,    10419431.755034,    6194.219979
16.30,    10425798.565312,    6366.810278
16.40,    10431840.772828,    6042.207517
16.50,    10438073.440904,    6232.668076
16.60,    10444455.557035,    6382.116131
16.70,    10450593.459012,    6137.901977
16.80,    10456513.412216,    5919.953205
16.90,    10462625.937584,    6112.525368
17.00,    10468886.121587,    6260.184002
17.10,    10475373.646849,    6487.525262
17.20,    10481412.647802,    6039.000953
17.30,    10487662.713880,    6250.066078
17.40,    10494128.300845,    6465.586965
17.50,    10500293.595383,    6165.294538
17.60,    10506241.289261,    5947.693879
17.70,    10512309.694090,    6068.404829
17.80,    10518546.931280,    6237.237190
17.90,    10524978.259059,    6431.327778
18.00,    10531607.584211,    6629.325152
18.10,    10537782.493601,    6174.909390
18.20,    10544159.885281,    6377.391680
18.30,    10550363.028875,    6203.143594
18.40,    10556483.330325,    6120.301450
18.50,    10562784.058321,    6300.727997
18.60,    10568770.246993,    5986.188672
18.70,    10574900.793563,    6130.546570
18.80,    10581182.287634,    6281.494071
18.90,    10587566.064297,    6383.776663
19.00,    10594071.039382,    6504.975085
19.10,    10600234.429351,    6163.389969
19.20,    10605875.758385,    5641.329034
19.30,    10611691.480705,    5815.722320
19.40,    10617624.897623,    5933.416918
19.50,    10623675.755593,    6050.857970
19.60,    10629825.282790,    6149.527197
19.70,    10636085.477413,    6260.194623
19.80,    10642082.836948,    5997.359535
19.90,    10648165.676667,    6082.839719
20.00,    10654370.437600,    6204.760933
20.10,    10659384.101394,    5013.663794
20.20,    10664550.740805,    5166.639411
20.30,    10669917.143581,    5366.402776
20.40,    10675048.535678,    5131.392097
20.50,    10680362.947264,    5314.411586
20.60,    10685760.038920,    5397.091656
20.70,    10691330.741594,    5570.702674
20.80,    10696597.756154,    5267.014561
20.90,    10701975.784120,    5378.027966
21.00,    10707627.944326,    5652.160205
21.10,    10713177.081137,    5549.136811
21.20,    10718453.651075,    5276.569938
21.30,    10723887.969961,    5434.318886
21.40,    10729042.712888,    5154.742927
21.50,    10734415.021126,    5372.308238
21.60,    10739928.594584,    5513.573457
21.70,    10745586.332417,    5657.737833
21.80,    10751159.965637,    5573.633221
21.90,    10756885.633779,    5725.668142
22.00,    10762796.819363,    5911.185584
22.10,    10768898.792092,    6101.972729
22.20,    10775158.914177,    6260.122085
22.30,    10780653.189887,    5494.275710
22.40,    10786318.087857,    5664.897970
22.50,    10792218.006485,    5899.918628
22.60,    10798374.403140,    6156.396655
22.70,    10804786.915115,    6412.511975
22.80,    10810762.889276,    5975.974160
22.90,    10817031.498527,    6268.609251
23.00,    10823484.279337,    6452.780810
23.10,    10830133.603629,    6649.324292
23.20,    10835536.162969,    5402.559340
23.30,    10841283.554795,    5747.391826
23.40,    10847037.581664,    5754.026869
23.50,    10853015.564637,    5977.982973
23.60,    10859209.161764,    6193.597127
23.70,    10865600.061777,    6390.900013
23.80,    10872061.082233,    6461.020456
23.90,    10877815.737527,    5754.655294
24.00,    10883776.563112,    5960.825585
24.10,    10889367.283540,    5590.720428
24.20,    10895204.451806,    5837.168266
24.30,    10901273.081885,    6068.630079
24.40,    10907624.301805,    6351.219920
24.50,    10914171.121166,    6546.819361
24.60,    10920887.771660,    6716.650495
24.70,    10927794.293231,    6906.521570
24.80,    10934218.031074,    6423.737844
24.90,    10940976.104418,    6758.073344
25.00,    10948001.598385,    7025.493967
25.10,    10954700.360218,    6698.761833
25.20,    10961689.612482,    6989.252263
25.30,    10968684.242892,    6994.630410
25.40,    10975927.547482,    7243.304590
25.50,    10983487.114725,    7559.567243
25.60,    10991069.988122,    7582.873397
25.70,    10998998.784881,    7928.796759
25.80,    11006600.645743,    7601.860862
25.90,    11014488.187749,    7887.542006
26.00,    11022648.654398,    8160.466650
26.10,    11031029.102202,    8380.447804
26.20,    11039122.025369,    8092.923167
26.30,    11046777.452271,    7655.426901
26.40,    11053587.628287,    6810.176016
26.50,    11060628.083540,    7040.455253
26.60,    11067771.227212,    7143.143672
26.70,    11075026.711764,    7255.484552
26.80,    11080206.637718,    5179.925954
26.90,    11085537.250954,    5330.613236
27.00,    11090951.873740,    5414.622785
27.10,    11096555.045466,    5603.171726
27.20,    11102423.157729,    5868.112263
27.30,    11108509.196800,    6086.039072
27.40,    11113913.408722,    5404.211922
27.50,    11119565.826545,    5652.417823
27.60,    11125418.411595,    5852.585051
27.70,    11131548.799585,    6130.387990
27.80,    11137195.327830,    5646.528245
27.90,    11143086.339157,    5891.011327
28.00,    11149230.784363,    6144.445207
28.10,    11155342.238865,    6111.454502
28.20,    11161735.742783,    6393.503918
28.30,    11168401.003637,    6665.260854
28.40,    11175286.964753,    6885.961116
28.50,    11182431.847578,    7144.882825
28.60,    11189938.782383,    7506.934805
28.70,    11197548.533287,    7609.750904
28.80,    11205464.606375,    7916.073088
28.90,    11213649.603649,    8184.997274
29.00,    11222014.682232,    8365.078583
29.10,    11230600.214382,    8585.532149
29.20,    11239436.591565,    8836.377183
29.30,    11247776.760349,    8340.168784
29.40,    11256438.427720,    8661.667371
29.50,    11264922.235630,    8483.807910
29.60,    11272109.826092,    7187.590462
29.70,    11278031.855535,    5922.029443
29.80,    11284150.729306,    6118.873771
29.90,    11290622.701415,    6471.972110
30.00,    11297091.551664,    6468.850248
30.10,    11303863.923359,    6772.371695
30.20,    11310906.045702,    7042.122344
30.30,    11318116.643487,    7210.597785
30.40,    11324695.356543,    6578.713055
30.50,    11331465.771533,    6770.414990
30.60,    11337609.048148,    6143.276615
30.70,    11344014.154280,    6405.106133
30.80,    11350593.649781,    6579.495501
30.90,    11357363.094547,    6769.444766
31.00,    11364293.726086,    6930.631538
31.10,    11371263.276502,    6969.550416
31.20,    11377642.898800,    6379.622298
31.30,    11384225.246468,    6582.347667
31.40,    11391048.867462,    6823.620994
31.50,    11398189.595301,    7140.727839
31.60,    11405487.364567,    7297.769266
31.70,    11412702.030978,    7214.666411
31.80,    11419449.856897,    6747.825919
31.90,    11426454.285254,    7004.428357
32.00,    11432934.381445,    6480.096191
32.10,    11439659.804398,    6725.422953
32.20,    11446569.522637,    6909.718239
32.30,    11453742.560134,    7173.037496
32.40,    11461103.162008,    7360.601874
32.50,    11468661.727858,    7558.565850
32.60,    11476341.951835,    7680.223977
32.70,    11484227.800575,    7885.848740
32.80,    11491686.734467,    7458.933892
32.90,    11499452.885240,    7766.150773
33.00,    11507503.843795,    8050.958554
33.10,    11515147.776742,    7643.932947
33.20,    11523028.829536,    7881.052795
33.30,    11531152.855639,    8124.026102
33.40,    11539228.205171,    8075.349532
33.50,    11546924.101255,    7695.896085
33.60,    11554930.973443,    8006.872188
33.70,    11563251.552590,    8320.579146
33.80,    11571472.499116,    8220.946526
33.90,    11579943.597452,    8471.098337
34.00,    11588335.119921,    8391.522468
34.10,    11595615.238137,    7280.118216
34.20,    11603206.816803,    7591.578666
34.30,    11611074.495261,    7867.678458
34.40,    11618859.852094,    7785.356833
34.50,    11626793.303844,    7933.451750
34.60,    11634991.229548,    8197.925703
34.70,    11642589.789004,    7598.559457
34.80,    11649943.163611,    7353.374607
34.90,    11657509.606737,    7566.443126
35.00,    11665372.246189,    7862.639452
35.10,    11673494.342864,    8122.096676
35.20,    11681434.148925,    7939.806061
35.30,    11688191.040407,    6756.891483
35.40,    11695141.906202,    6950.865795
35.50,    11702351.912384,    7210.006182
35.60,    11709779.905107,    7427.992723
35.70,    11717024.769238,    7244.864131
35.80,    11723721.405505,    6696.636266
35.90,    11729844.609486,    6123.203981
36.00,    11736209.280844,    6364.671358
36.10,    11742325.959298,    6116.678455
36.20,    11748705.108111,    6379.148813
36.30,    11754748.837697,    6043.729586
36.40,    11761048.230220,    6299.392523
36.50,    11767542.014159,    6493.783939
36.60,    11774198.819206,    6656.805047
36.70,    11780318.829257,    6120.010052
36.80,    11786648.608606,    6329.779348
36.90,    11793212.397929,    6563.789323
37.00,    11800034.496792,    6822.098863
37.10,    11806170.946750,    6136.449958
37.20,    11812519.469212,    6348.522462
37.30,    11819053.081874,    6533.612662
37.40,    11825108.306945,    6055.225071
37.50,    11831390.722898,    6282.415953
37.60,    11837978.441676,    6587.718778
37.70,    11844770.045787,    6791.604110
37.80,    11851194.911424,    6424.865637
37.90,    11857804.466815,    6609.555392
38.00,    11864594.778915,    6790.312100
38.10,    11870880.072670,    6285.293754
38.20,    11877369.476703,    6489.404033
38.30,    11883517.389263,    6147.912561
38.40,    11889626.287676,    6108.898412
38.50,    11895957.429347,    6331.141672
38.60,    11902477.619687,    6520.190339
38.70,    11908460.473640,    5982.853953
38.80,    11914137.590715,    5677.117075
38.90,    11920053.169516,    5915.578801
39.00,    11926212.416057,    6159.246542
39.10,    11932609.872372,    6397.456315
39.20,    11939198.869246,    6588.996874
39.30,    11945380.057303,    6181.188057
39.40,    11951826.928631,    6446.871328
39.50,    11957871.257461,    6044.328830
39.60,    11964202.358179,    6331.100718
39.70,    11970739.797698,    6537.439519
39.80,    11976832.481643,    6092.683945
39.90,    11983116.381588,    6283.899945
40.00,    11989562.979588,    6446.598001
40.10,    11996232.700318,    6669.720730
40.20,    12002454.248666,    6221.548348
40.30,    12008011.024818,    5556.776152
40.40,    12013771.015275,    5759.990457
40.50,    12019701.589956,    5930.574682
40.60,    12025767.513018,    6065.923061
40.70,    12031206.647056,    5439.134038
40.80,    12036045.872085,    4839.225028
40.90,    12041092.494392,    5046.622307
41.00,    12046336.879077,    5244.384685
41.10,    12051714.732721,    5377.853644
41.20,    12057221.877829,    5507.145108
41.30,    12062108.320437,    4886.442609
41.40,    12067141.353163,    5033.032726
41.50,    12072362.840704,    5221.487541
41.60,    12077053.957785,    4691.117081
41.70,    12081915.427391,    4861.469606
41.80,    12086937.049946,    5021.622555
41.90,    12092125.885073,    5188.835126
42.00,    12096733.770913,    4607.885841
42.10,    12101568.978031,    4835.207118
42.20,    12106613.143581,    5044.165550
42.30,    12111874.235799,    5261.092218
42.40,    12117324.026889,    5449.791091
42.50,    12122925.682728,    5601.655838
42.60,    12128663.430529,    5737.747801
42.70,    12134582.141446,    5918.710917
42.80,    12140641.506439,    6059.364994
42.90,    12146226.546751,    5585.040312
43.00,    12151980.959049,    5754.412298
43.10,    12157887.989315,    5907.030266
43.20,    12163927.150865,    6039.161551
43.30,    12169724.376350,    5797.225485
43.40,    12175672.071061,    5947.694711
43.50,    12181777.651795,    6105.580734
43.60,    12187440.600825,    5662.949031
43.70,    12193308.032259,    5867.431433
43.80,    12199353.486106,    6045.453847
43.90,    12205555.404482,    6201.918376
44.00,    12211922.869764,    6367.465282
44.10,    12218493.852196,    6570.982433
44.20,    12224554.414078,    6060.561882
44.30,    12230846.184380,    6291.770302
44.40,    12237381.112468,    6534.928088
44.50,    12244100.064373,    6718.951905
44.60,    12251016.299886,    6916.235513
44.70,    12258107.075092,    7090.775206
44.80,    12264679.989533,    6572.914441
44.90,    12271522.097770,    6842.108237
45.00,    12278615.095010,    7092.997240
45.10,    12285950.101276,    7335.006266
45.20,    12293493.249371,    7543.148095
45.30,    12301195.515418,    7702.266046
45.40,    12308267.203543,    7071.688125
45.50,    12314945.957258,    6678.753715
45.60,    12321093.857873,    6147.900616
45.70,    12327103.622381,    6009.764508
45.80,    12333224.463741,    6120.841359
45.90,    12339506.969657,    6282.505916
46.00,    12345973.660922,    6466.691265
46.10,    12350774.812214,    4801.151293
46.20,    12355828.461779,    5053.649564
46.30,    12360964.528731,    5136.066952
46.40,    12366332.321168,    5367.792437
46.50,    12371937.900279,    5605.579111
46.60,    12377720.631056,    5782.730777
46.70,    12382916.066310,    5195.435254
46.80,    12388298.498832,    5382.432522
46.90,    12393966.667517,    5668.168685
47.00,    12399828.425461,    5861.757944
47.10,    12405374.008531,    5545.583070
47.20,    12411163.386931,    5789.378400
47.30,    12417152.402330,    5989.015399
47.40,    12422566.265996,    5413.863665
47.50,    12428228.423108,    5662.157112
47.60,    12434130.800199,    5902.377092
47.70,    12440233.536755,    6102.736556
47.80,    12446455.789180,    6222.252425
47.90,    12452814.518446,    6358.729266
48.00,    12458547.987728,    5733.469283
48.10,    12464448.456750,    5900.469022
48.20,    12470543.607451,    6095.150700
48.30,    12476827.992289,    6284.384838
48.40,    12483262.467818,    6434.475530
48.50,    12489807.086422,    6544.618603
48.60,    12495398.522612,    5591.436190
48.70,    12501132.138321,    5733.615710
48.80,    12506980.378652,    5848.240330
48.90,    12513015.249092,    6034.870441
49.00,    12519160.321271,    6145.072179
49.10,    12525406.797222,    6246.475952
49.20,    12531786.771943,    6379.974720
49.30,    12538302.164625,    6515.392682
49.40,    12544243.305486,    5941.140861
49.50,    12550343.141499,    6099.836013
49.60,    12556630.879720,    6287.738221
49.70,    12563039.634074,    6408.754354
49.80,    12569620.641838,    6581.007764
49.90,    12576289.019253,    6668.377415
50.00,    12582671.058432,    6382.039179
50.10,    12589212.138856,    6541.080424
50.20,    12595404.016250,    6191.877394
50.30,    12601150.012160,    5745.995910
50.40,    12606789.201991,    5639.189832
50.50,    12611989.132471,    5199.930479
50.60,    12617348.529023,    5359.396552
50.70,    12622837.127355,    5488.598332
50.80,    12628463.954513,    5626.827158
50.90,    12633614.366594,    5150.412081
51.00,    12638303.659530,    4689.292936
51.10,    12643168.143065,    4864.483534
51.20,    12648195.144877,    5027.001812
51.30,    12653209.468766,    5014.323889
51.40,    12657555.657324,    4346.188559
51.50,    12662081.767608,    4526.110284
51.60,    12666803.474087,    4721.706479
51.70,    12671086.906883,    4283.432796
51.80,    12675564.178106,    4477.271223
51.90,    12680210.340496,    4646.162390
52.00,    12684280.685074,    4070.344578
52.10,    12688529.989727,    4249.304653
52.20,    12692980.356182,    4450.366454
52.30,    12697627.832874,    4647.476693
52.40,    12702449.693267,    4821.860392
52.50,    12707441.485273,    4991.792006
52.60,    12711238.682111,    3797.196838
52.70,    12715228.017955,    3989.335845
52.80,    12719414.817093,    4186.799137
52.90,    12723777.284343,    4362.467250
53.00,    12728330.564680,    4553.280337
53.10,    12733017.154643,    4686.589963
53.20,    12737028.902200,    4011.747558
53.30,    12741183.191678,    4154.289478
53.40,    12745485.020339,    4301.828660
53.50,    12749459.676534,    3974.656195
53.60,    12753512.777035,    4053.100501
53.70,    12757703.102807,    4190.325773
53.80,    12761987.361492,    4284.258685
53.90,    12765617.208064,    3629.846572
54.00,    12769388.166537,    3770.958472
54.10,    12773344.926992,    3956.760455
54.20,    12777460.408449,    4115.481457
54.30,    12781727.435408,    4267.026958
54.40,    12785697.569854,    3970.134447
54.50,    12789853.323816,    4155.753962
54.60,    12794164.182905,    4310.859089
54.70,    12798614.593234,    4450.410329
54.80,    12802613.605441,    3999.012208
54.90,    12806804.238959,    4190.633518
55.00,    12811157.317705,    4353.078746
55.10,    12815659.558008,    4502.240303
55.20,    12819931.291672,    4271.733664
55.30,    12824355.906877,    4424.615204
55.40,    12828919.294581,    4563.387705
55.50,    12833686.952458,    4767.657876
55.60,    12838098.131072,    4411.178614
55.70,    12842685.679030,    4587.547957
55.80,    12847394.049324,    4708.370294
55.90,    12852241.433289,    4847.383965
56.00,    12856867.229989,    4625.796701
56.10,    12861639.452386,    4772.222396
56.20,    12866041.615096,    4402.162710
56.30,    12870630.500525,    4588.885428
56.40,    12875358.419235,    4727.918710
56.50,    12880194.612670,    4836.193436
56.60,    12884796.311658,    4601.698987
56.70,    12889551.354296,    4755.042638
56.80,    12894489.154346,    4937.800051
56.90,    12898591.404647,    4102.250301
57.00,    12902884.993432,    4293.588785
57.10,    12907336.294709,    4451.301276
57.20,    12911925.070919,    4588.776210
57.30,    12916135.127211,    4210.056293
57.40,    12920525.619963,    4390.492752
57.50,    12925083.901343,    4558.281380
57.60,    12929835.613822,    4751.712480
57.70,    12934758.400563,    4922.786740
57.80,    12939376.005387,    4617.604824
57.90,    12944135.856839,    4759.851452
58.00,    12948565.124490,    4429.267651
58.10,    12953140.003037,    4574.878547
58.20,    12957887.180981,    4747.177944
58.30,    12962833.514081,    4946.333101
58.40,    12967990.067572,    5156.553491
58.50,    12973297.980475,    5307.912903
58.60,    12978715.801407,    5417.820932
58.70,    12983816.153455,    5100.352049
58.80,    12988706.377593,    4890.224138
58.90,    12993754.514661,    5048.137068
59.00,    12999030.895512,    5276.380851
59.10,    13004494.384027,    5463.488515
59.20,    13010137.124680,    5642.740654
59.30,    13015925.716033,    5788.591353
59.40,    13021848.166586,    5922.450553
59.50,    13027452.391844,    5604.225258
59.60,    13033213.185042,    5760.793198
59.70,    13039127.368163,    5914.183121
59.80,    13044919.710461,    5792.342298
59.90,    13050872.273298,    5952.562837
60.00,    13056962.065913,    6089.792615
60.10,    13063146.930838,    6184.864925
60.20,    13069409.519736,    6262.588898
60.30,    13075409.028256,    5999.508520
60.40,    13081518.965886,    6109.937629
60.50,    13087736.920389,    6217.954504
60.60,    13094011.070838,    6274.150448
60.70,    13100362.660713,    6351.589875
60.80,    13106764.424026,    6401.763314
60.90,    13112835.575531,    6071.151504
61.00,    13118907.166033,    6071.590502
61.10,    13124886.056891,    5978.890858
61.20,    13130903.003219,    6016.946329
61.30,    13136974.364752,    6071.361533
61.40,    13142783.477815,    5809.113063
61.50,    13148035.432849,    5251.955034
61.60,    13153305.536762,    5270.103913
61.70,    13158287.021764,    4981.485002
61.80,    13163305.141689,    5018.119925
61.90,    13168359.944569,    5054.802880
62.00,    13173449.973814,    5090.029245
62.10,    13178294.133584,    4844.159770
62.20,    13183188.350182,    4894.216599
62.30,    13188108.915365,    4920.565182
62.40,    13193052.557790,    4943.642425
62.50,    13197984.938432,    4932.380642
62.60,    13202764.735154,    4779.796722
62.70,    13207577.036474,    4812.301320
62.80,    13212426.305552,    4849.269078
62.90,    13217331.502035,    4905.196483
63.00,    13222229.200435,    4897.698400
63.10,    13226621.901360,    4392.700926
63.20,    13231025.112568,    4403.211208
63.30,    13235408.428188,    4383.315620
63.40,    13239812.678226,    4404.250037
63.50,    13244206.645712,    4393.967487
63.60,    13248628.800195,    4422.154483
63.70,    13253056.166650,    4427.366455
63.80,    13257534.196374,    4478.029724
63.90,    13262093.015643,    4558.819269
64.00,    13266688.535202,    4595.519558
64.10,    13271067.898330,    4379.363129
64.20,    13275472.540575,    4404.642245
64.30,    13279851.024722,    4378.484146
64.40,    13284109.944092,    4258.919370
64.50,    13288380.346339,    4270.402247
64.60,    13292617.616629,    4237.270290
64.70,    13296822.211529,    4204.594900
64.80,    13300995.700694,    4173.489165
64.90,    13305107.778620,    4112.077926
65.00,    13309125.922655,    4018.144035
65.10,    13313082.039320,    3956.116666
65.20,    13316760.130480,    3678.091160
65.30,    13320374.077369,    3613.946889
65.40,    13323907.100039,    3533.022670
65.50,    13327414.813013,    3507.712973
65.60,    13330842.199889,    3427.386877
65.70,    13334215.776453,    3373.576564
65.80,    13337440.153039,    3224.376586
65.90,    13340625.112296,    3184.959258
66.00,    13343757.913987,    3132.801691
66.10,    13346747.908160,    2989.994173
66.20,    13349703.234287,    2955.326127
66.30,    13352633.761299,    2930.527012
66.40,    13355528.119061,    2894.357762
66.50,    13358396.398340,    2868.279279
66.60,    13361078.712930,    2682.314590
66.70,    13363575.295592,    2496.582662
66.80,    13366037.079301,    2461.783709
66.90,    13368336.648962,    2299.569662
67.00,    13370609.346412,    2272.697450
67.10,    13372665.084828,    2055.738416
67.20,    13374711.240197,    2046.155369
67.30,    13376529.751496,    1818.511300
67.40,    13378308.502809,    1778.751313
67.50,    13379935.838919,    1627.336110
67.60,    13381527.271732,    1591.432812
67.70,    13383110.765672,    1583.493940
67.80,    13384684.059538,    1573.293866
67.90,    13385882.084005,    1198.024467
68.00,    13387057.710568,    1175.626563
68.10,    13388004.729459,    947.018891
68.20,    13388648.404699,    643.675241
68.30,    13389086.242780,    437.838081
68.40,    13389521.162675,    434.919895
68.50,    13389960.597774,    439.435099
68.60,    13390370.704074,    410.106300
68.70,    13390789.288959,    418.584885
68.80,    13391201.041313,    411.752354
68.90,    13391610.263588,    409.222274
69.00,    13392014.830107,    404.566519
69.10,    13392421.085640,    406.255533
69.20,    13392813.975778,    392.890138
69.30,    13393060.723721,    246.747943
69.40,    13393306.611155,    245.887434
69.50,    13393550.074866,    243.463711
69.60,    13393781.459458,    231.384592
69.70,    13394015.316224,    233.856767
69.80,    13394237.805440,    222.489215
69.90,    13394461.010182,    223.204742
70.00,    13394680.852089,    219.841907
70.10,    13394908.686934,    227.834845
70.20,    13395118.098309,    209.411375
70.30,    13395339.192718,    221.094408
70.40,    13395549.680305,    210.487587
70.50,    13395751.246155,    201.565850
70.60,    13395958.960700,    207.714545
70.70,    13396173.566501,    214.605801
70.80,    13396383.460436,    209.893935
70.90,    13396578.618747,    195.158311
71.00,    13396777.734184,    199.115437
71.10,    13396971.156937,    193.422753
71.20,    13397156.564543,    185.407606
71.30,    13397350.361698,    193.797156
71.40,    13397541.936018,    191.574319
71.50,    13397731.685941,    189.749923
71.60,    13397922.243308,    190.557368
71.70,    13398115.037033,    192.793725
71.80,    13398312.359231,    197.322198
71.90,    13398504.204287,    191.845056
72.00,    13398700.573573,    196.369286
72.10,    13398895.907768,    195.334195
72.20,    13399095.613784,    199.706016
72.30,    13399293.420125,    197.806341
72.40,    13399495.087458,    201.667333
72.50,    13399689.266149,    194.178692
72.60,    13399883.786187,    194.520038
72.70,    13400079.451995,    195.665807
72.80,    13400162.959734,    83.507740
72.90,    13400246.971875,    84.012141
73.00,    13400332.546671,    85.574795
73.10,    13400414.505272,    81.958602
73.20,    13400498.632100,    84.126828
73.30,    13400585.332546,    86.700446
73.40,    13400665.431479,    80.098933
73.50,    13400745.706057,    80.274578
73.60,    13400824.951139,    79.245083
73.70,    13400911.673507,    86.722368
73.80,    13400993.042826,    81.369319
73.90,    13401075.547141,    82.504315
74.00,    13401156.360170,    80.813028
74.10,    13401237.615789,    81.255620
74.20,    13401325.800277,    88.184488
74.30,    13401417.342555,    91.542278
74.40,    13401502.473594,    85.131039
74.50,    13401584.028117,    81.554523
74.60,    13401677.239483,    93.211366
74.70,    13401772.277469,    95.037986
74.80,    13401858.630069,    86.352600
74.90,    13401950.004264,    91.374195
75.00,    13402050.960239,    100.955975
75.10,    13402143.318206,    92.357967
75.20,    13402235.045957,    91.727752
75.30,    13402322.471813,    87.425856
75.40,    13402418.173549,    95.701736
75.50,    13402508.101827,    89.928278
75.60,    13402605.899433,    97.797606
75.70,    13402699.088729,    93.189296
75.80,    13402794.578369,    95.489641
75.90,    13402897.505520,    102.927151
76.00,    13402995.398057,    97.892537
76.10,    13403091.686682,    96.288625
76.20,    13403197.994013,    106.307331
76.30,    13403304.767546,    106.773533
76.40,    13403406.317133,    101.549587
76.50,    13403501.906652,    95.589519
76.60,    13403598.349689,    96.443037
76.70,    13403701.742349,    103.392660
76.80,    13403802.016797,    100.274448
76.90,    13403897.479431,    95.462634
77.00,    13404007.008392,    109.528961
77.10,    13404112.930447,    105.922054
77.20,    13404222.266932,    109.336486
77.30,    13404329.175545,    106.908613
77.40,    13404431.294294,    102.118749
77.50,    13404536.264250,    104.969956
77.60,    13404644.044329,    107.780079
77.70,    13404758.158379,    114.114050
77.80,    13404869.551133,    111.392754
77.90,    13404975.720740,    106.169607
78.00,    13405092.684872,    116.964132
78.10,    13405204.480303,    111.795431
78.20,    13405309.399499,    104.919196
78.30,    13405425.353887,    115.954387
78.40,    13405536.964663,    111.610776
78.50,    13405643.621602,    106.656940
78.60,    13405757.881916,    114.260314
78.70,    13405875.965227,    118.083311
78.80,    13405984.265675,    108.300448
78.90,    13406101.013827,    116.748152
79.00,    13406214.254221,    113.240393
79.10,    13406335.516467,    121.262247
79.20,    13406452.523007,    117.006540
79.30,    13406572.195119,    119.672112
79.40,    13406690.541991,    118.346872
79.50,    13406801.754416,    111.212425
79.60,    13406919.464732,    117.710316
79.70,    13407036.425682,    116.960950
79.80,    13407154.624578,    118.198896
79.90,    13407277.915148,    123.290569
80.00,    13407393.592287,    115.677139
80.10,    13407521.265863,    127.673576
80.20,    13407641.694262,    120.428400
80.30,    13407763.191281,    121.497019
80.40,    13407884.412774,    121.221493
80.50,    13408007.902024,    123.489249
80.60,    13408127.889347,    119.987323
80.70,    13408245.595368,    117.706020
80.80,    13408365.231703,    119.636335
80.90,    13408494.175178,    128.943475
81.00,    13408619.069811,    124.894633
81.10,    13408741.613500,    122.543689
81.20,    13408866.734380,    125.120880
81.30,    13408988.925720,    122.191340
81.40,    13409112.802170,    123.876451
81.50,    13409239.055714,    126.253544
81.60,    13409365.803884,    126.748170
81.70,    13409487.471957,    121.668073
81.80,    13409610.043162,    122.571205
81.90,    13409734.594718,    124.551556
82.00,    13409859.778440,    125.183722
82.10,    13409983.417392,    123.638952
82.20,    13410115.653740,    132.236347
82.30,    13410243.093851,    127.440111
82.40,    13410367.438864,    124.345014
82.50,    13410498.863746,    131.424881
82.60,    13410628.829234,    129.965488
82.70,    13410749.990115,    121.160881
82.80,    13410884.240596,    134.250482
82.90,    13411012.250349,    128.009753
83.00,    13411145.595851,    133.345502
83.10,    13411273.683598,    128.087747
83.20,    13411401.882795,    128.199197
83.30,    13411528.552892,    126.670097
83.40,    13411660.290675,    131.737782
83.50,    13411786.070653,    125.779978
83.60,    13411917.689095,    131.618442
83.70,    13412044.253230,    126.564135
83.80,    13412176.555928,    132.302699
83.90,    13412300.091093,    123.535164
84.00,    13412431.621466,    131.530373
84.10,    13412560.822226,    129.200760
84.20,    13412693.513959,    132.691733
84.30,    13412819.938910,    126.424951
84.40,    13412942.676179,    122.737269
84.50,    13413073.375907,    130.699728
84.60,    13413200.579622,    127.203715
84.70,    13413291.424767,    90.845145
84.80,    13413375.569590,    84.144823
84.90,    13413457.831925,    82.262334
85.00,    13413546.871698,    89.039773
85.10,    13413627.176107,    80.304409
85.20,    13413711.338833,    84.162727
85.30,    13413799.091691,    87.752858
85.40,    13413886.667333,    87.575642
85.50,    13413968.282440,    81.615107
85.60,    13414054.770688,    86.488248
85.70,    13414144.048962,    89.278274
85.80,    13414230.968993,    86.920031
85.90,    13414316.827951,    85.858958
86.00,    13414405.104480,    88.276529
86.10,    13414493.805418,    88.700938
86.20,    13414580.471692,    86.666274
86.30,    13414669.781228,    89.309536
86.40,    13414756.547891,    86.766662
86.50,    13414835.868306,    79.320416
86.60,    13414921.212830,    85.344524
86.70,    13415009.351901,    88.139071
86.80,    13415098.114772,    88.762871
86.90,    13415185.764189,    87.649417
87.00,    13415271.660830,    85.896641
87.10,    13415357.937719,    86.276889
87.20,    13415441.050156,    83.112437
87.30,    13415527.124841,    86.074685
87.40,    13415619.943977,    92.819137
87.50,    13415710.491362,    90.547385
87.60,    13415794.425106,    83.933744
87.70,    13415880.551525,    86.126418
87.80,    13415964.326693,    83.775168
87.90,    13416050.988908,    86.662216
88.00,    13416137.532687,    86.543778
88.10,    13416223.827877,    86.295190
88.20,    13416309.486514,    85.658637
88.30,    13416395.393617,    85.907103
88.40,    13416481.069249,    85.675632
88.50,    13416569.594983,    88.525734
88.60,    13416655.925306,    86.330323
88.70,    13416740.937168,    85.011862
88.80,    13416826.224972,    85.287805
88.90,    13416908.367783,    82.142810
89.00,    13416998.828489,    90.460706
89.10,    13417082.606012,    83.777523
89.20,    13417170.941776,    88.335765
89.30,    13417257.402110,    86.460333
89.40,    13417342.586758,    85.184648
89.50,    13417424.011032,    81.424274
89.60,    13417514.490693,    90.479660
89.70,    13417599.679886,    85.189193
89.80,    13417687.428259,    87.748373
89.90,    13417712.388089,    24.959830
90.00,    13417731.042136,    18.654047
90.10,    13417757.017253,    25.975117
90.20,    13417782.961159,    25.943906
90.30,    13417805.665476,    22.704317
90.40,    13417826.378900,    20.713424
90.50,    13417850.438756,    24.059856
90.60,    13417871.487311,    21.048555
90.70,    13417898.312154,    26.824843
90.80,    13417919.351069,    21.038916
90.90,    13417944.607340,    25.256271
91.00,    13417968.442988,    23.835648
91.10,    13417994.862592,    26.419603
91.20,    13418021.522107,    26.659516
91.30,    13418043.950689,    22.428582
91.40,    13418070.084358,    26.133669
91.50,    13418093.775322,    23.690964
91.60,    13418119.303300,    25.527978
91.70,    13418141.438799,    22.135499
91.80,    13418163.432936,    21.994137
91.90,    13418187.919181,    24.486245
92.00,    13418209.054967,    21.135786
92.10,    13418234.748821,    25.693854
92.20,    13418261.161344,    26.412523
92.30,    13418282.491266,    21.329922
92.40,    13418305.781001,    23.289735
92.50,    13418326.243610,    20.462609
92.60,    13418351.405996,    25.162386
92.70,    13418375.463927,    24.057931
92.80,    13418397.584456,    22.120530
92.90,    13418421.839030,    24.254573
93.00,    13418442.176683,    20.337653
93.10,    13418467.794784,    25.618101
93.20,    13418491.005974,    23.211189
93.30,    13418514.536155,    23.530181
93.40,    13418536.551949,    22.015795
93.50,    13418556.946330,    20.394381
93.60,    13418581.821566,    24.875235
93.70,    13418605.557226,    23.735660
93.80,    13418633.267404,    27.710177
93.90,    13418656.142042,    22.874638
94.00,    13418681.115124,    24.973083
94.10,    13418704.188237,    23.073113
94.20,    13418733.629798,    29.441561
94.30,    13418759.650892,    26.021094
94.40,    13418782.405406,    22.754514
94.50,    13418806.826631,    24.421225
94.60,    13418833.367429,    26.540799
94.70,    13418857.773866,    24.406436
94.80,    13418883.944198,    26.170332
94.90,    13418912.080988,    28.136790
95.00,    13418935.558259,    23.477271
95.10,    13418960.367159,    24.808899
95.20,    13418983.581480,    23.214321
95.30,    13419010.071745,    26.490266
95.40,    13419033.684433,    23.612687
95.50,    13419061.646599,    27.962166
95.60,    13419088.079257,    26.432657
95.70,    13419115.744951,    27.665695
95.80,    13419139.802879,    24.057927
95.90,    13419168.315563,    28.512684
96.00,    13419192.001205,    23.685642
96.10,    13419217.838808,    25.837604
96.20,    13419247.047504,    29.208696
96.30,    13419275.301136,    28.253631
96.40,    13419298.955651,    23.654515
96.50,    13419327.087064,    28.131413
96.60,    13419354.857542,    27.770478
96.70,    13419379.045205,    24.187663
96.80,    13419404.506878,    25.461674
96.90,    13419432.178784,    27.671905
97.00,    13419457.487090,    25.308306
97.10,    13419479.653412,    22.166322
97.20,    13419508.496962,    28.843550
97.30,    13419533.908060,    25.411097
97.40,    13419559.369826,    25.461767
97.50,    13419585.472276,    26.102449
97.60,    13419608.045825,    22.573550
97.70,    13419632.288030,    24.242205
97.80,    13419659.862669,    27.574639
97.90,    13419684.457394,    24.594725
98.00,    13419713.267577,    28.810183
98.10,    13419736.886177,    23.618599
98.20,    13419764.799019,    27.912843
98.30,    13419787.550739,    22.751719
98.40,    13419813.051968,    25.501229
98.50,    13419838.309658,    25.257690
98.60,    13419866.008013,    27.698355
98.70,    13419891.929701,    25.921688
98.80,    13419918.110729,    26.181028
98.90,    13419942.751205,    24.640477
99.00,    13419969.625825,    26.874620
99.10,    13419997.643158,    28.017332
99.20,    13420024.519885,    26.876727
99.30,    13420048.207868,    23.687983
99.40,    13420075.215312,    27.007444
99.50,    13420100.795480,    25.580168
99.60,    13420126.600860,    25.805380
99.70,    13420152.331389,    25.730529
99.80,    13420174.759281,    22.427892
99.90,    13420200.133606,    25.374325
100.00,    13420226.831306,    26.697699
100.10,    13420252.669035,    25.837730
100.20,    13420276.892745,    24.223709
100.30,    13420299.261849,    22.369104
100.40,    13420324.931645,    25.669796
100.50,    13420350.592004,    25.660359
100.60,    13420377.773174,    27.181170
100.70,    13420400.910598,    23.137424
100.80,    13420425.992932,    25.082333
100.90,    13420451.184188,    25.191257
101.00,    13420477.258266,    26.074077
101.10,    13420500.953981,    23.695715
101.20,    13420525.847073,    24.893092
101.30,    13420550.621823,    24.774750
101.40,    13420576.724400,    26.102577
101.50,    13420604.178555,    27.454156
101.60,    13420629.928680,    25.750125
101.70,    13420653.562424,    23.633744
101.80,    13420680.132867,    26.570442
101.90,    13420706.596273,    26.463406
102.00,    13420728.535113,    21.938840
102.10,    13420752.992042,    24.456929
102.20,    13420774.532519,    21.540477
102.30,    13420797.471062,    22.938543
102.40,    13420822.065917,    24.594855
102.50,    13420844.072772,    22.006856
102.60,    13420869.409564,    25.336792
102.70,    13420891.618662,    22.209097
102.80,    13420914.108346,    22.489685
102.90,    13420936.465455,    22.357109
103.00,    13420958.955733,    22.490278
103.10,    13420978.935045,    19.979312
103.20,    13420998.820429,    19.885384
103.30,    13421024.220678,    25.400249
103.40,    13421046.873195,    22.652517
103.50,    13421069.586405,    22.713210
103.60,    13421093.555979,    23.969574
103.70,    13421117.620470,    24.064490
103.80,    13421137.540985,    19.920515
103.90,    13421160.152789,    22.611804
104.00,    13421182.796827,    22.644039
104.10,    13421204.014940,    21.218113
104.20,    13421228.016036,    24.001096
104.30,    13421250.573808,    22.557773
104.40,    13421274.493032,    23.919224
104.50,    13421295.736171,    21.243139
104.60,    13421316.051708,    20.315537
104.70,    13421337.848519,    21.796811
104.80,    13421362.425354,    24.576835
104.90,    13421384.380459,    21.955104
105.00,    13421408.099773,    23.719314
105.10,    13421430.628975,    22.529202
105.20,    13421454.286681,    23.657706
105.30,    13421476.448661,    22.161980
105.40,    13421496.077335,    19.628673
105.50,    13421518.975625,    22.898290
105.60,    13421544.118115,    25.142490
105.70,    13421565.216836,    21.098721
105.80,    13421586.342362,    21.125526
105.90,    13421606.050884,    19.708522
106.00,    13421627.502425,    21.451540
106.10,    13421650.052932,    22.550507
106.20,    13421668.526774,    18.473842
106.30,    13421689.450466,    20.923693
106.40,    13421711.938536,    22.488070
106.50,    13421731.689097,    19.750561
106.60,    13421751.280124,    19.591027
106.70,    13421771.183860,    19.903737
106.80,    13421791.392726,    20.208866
106.90,    13421810.075555,    18.682829
107.00,    13421831.428446,    21.352891
107.10,    13421854.274117,    22.845671
107.20,    13421875.641967,    21.367850
107.30,    13421894.088828,    18.446861
107.40,    13421913.609042,    19.520214
107.50,    13421934.542300,    20.933258
107.60,    13421954.675382,    20.133082
107.70,    13421974.567288,    19.891906
107.80,    13421995.248628,    20.681339
107.90,    13422018.659987,    23.411359
108.00,    13422039.295550,    20.635563
108.10,    13422061.267138,    21.971588
108.20,    13422079.258464,    17.991326
108.30,    13422100.322198,    21.063733
108.40,    13422122.002391,    21.680193
108.50,    13422143.172229,    21.169839
108.60,    13422161.771078,    18.598849
108.70,    13422181.644696,    19.873618
108.80,    13422201.431465,    19.786769
108.90,    13422220.948419,    19.516954
109.00,    13422240.781349,    19.832930
109.10,    13422260.615865,    19.834516
109.20,    13422279.373870,    18.758005
109.30,    13422300.512637,    21.138767
109.40,    13422322.499840,    21.987203
109.50,    13422343.330669,    20.830829
109.60,    13422363.954753,    20.624083
109.70,    13422383.502098,    19.547345
109.80,    13422403.025877,    19.523780
109.90,    13422420.973860,    17.947983
110.00,    13422440.045950,    19.072090
110.10,    13422461.756124,    21.710175
110.20,    13422480.500184,    18.744060
110.30,    13422499.947362,    19.447178
110.40,    13422521.293291,    21.345930
110.50,    13422542.627901,    21.334610
110.60,    13422565.017555,    22.389654
110.70,    13422583.311186,    18.293630
110.80,    13422601.540020,    18.228834
110.90,    13422620.652524,    19.112504
111.00,    13422640.998713,    20.346189
111.10,    13422659.064113,    18.065400
111.20,    13422680.103045,    21.038933
111.30,    13422702.649737,    22.546691
111.40,    13422723.884811,    21.235074
111.50,    13422740.908392,    17.023581
111.60,    13422760.365692,    19.457299
111.70,    13422781.180151,    20.814460
111.80,    13422801.866969,    20.686817
111.90,    13422820.876022,    19.009053
112.00,    13422841.091425,    20.215404
112.10,    13422857.315762,    16.224337
112.20,    13422874.446289,    17.130527
112.30,    13422894.111503,    19.665214
112.40,    13422913.682457,    19.570953
112.50,    13422933.702033,    20.019577
112.60,    13422952.490004,    18.787970
112.70,    13422968.594318,    16.104315
112.80,    13422987.508829,    18.914511
112.90,    13423008.040554,    20.531725
113.00,    13423029.729840,    21.689285
113.10,    13423051.832599,    22.102759
113.20,    13423072.074278,    20.241679
113.30,    13423091.142230,    19.067952
113.40,    13423112.706091,    21.563860
113.50,    13423131.621505,    18.915415
113.60,    13423150.498696,    18.877191
113.70,    13423173.454661,    22.955965
113.80,    13423192.588707,    19.134046
113.90,    13423210.420601,    17.831894
114.00,    13423230.605178,    20.184578
114.10,    13423249.936341,    19.331163
114.20,    13423270.223547,    20.287206
114.30,    13423291.941602,    21.718055
114.40,    13423311.737854,    19.796253
114.50,    13423330.441931,    18.704077
114.60,    13423349.370437,    18.928506
114.70,    13423368.103304,    18.732867
114.80,    13423388.368240,    20.264936
114.90,    13423410.919952,    22.551712
115.00,    13423429.547131,    18.627179
115.10,    13423448.091197,    18.544066
115.20,    13423467.876176,    19.784979
115.30,    13423486.779563,    18.903386
115.40,    13423505.439558,    18.659995
115.50,    13423525.730253,    20.290695
115.60,    13423546.063518,    20.333264
115.70,    13423566.663898,    20.600380
115.80,    13423589.790564,    23.126666
115.90,    13423607.916523,    18.125960
116.00,    13423625.912414,    17.995891
116.10,    13423643.792968,    17.880554
116.20,    13423663.515228,    19.722260
116.30,    13423684.356477,    20.841249
116.40,    13423703.888416,    19.531939
116.50,    13423723.469326,    19.580910
116.60,    13423743.117650,    19.648324
116.70,    13423764.043507,    20.925857
116.80,    13423783.439743,    19.396237
116.90,    13423802.762661,    19.322918
117.00,    13423819.634732,    16.872071
117.10,    13423840.244761,    20.610029
117.20,    13423860.432387,    20.187626
117.30,    13423880.537019,    20.104632
117.40,    13423899.248388,    18.711369
117.50,    13423919.190180,    19.941792
117.60,    13423934.000674,    14.810494
117.70,    13423951.464038,    17.463364
117.80,    13423967.589813,    16.125775
117.90,    13423988.469037,    20.879225
118.00,    13424007.852326,    19.383289
118.10,    13424024.430992,    16.578666
118.20,    13424042.388252,    17.957260
118.30,    13424060.276723,    17.888471
118.40,    13424076.965213,    16.688490
118.50,    13424093.405417,    16.440204
118.60,    13424112.448673,    19.043256
118.70,    13424131.324573,    18.875900
118.80,    13424150.220081,    18.895507
118.90,    13424166.955544,    16.735464
119.00,    13424183.307062,    16.351518
119.10,    13424201.812896,    18.505833
119.20,    13424220.395298,    18.582402
119.30,    13424239.007883,    18.612585
119.40,    13424256.295132,    17.287249
119.50,    13424271.192283,    14.897151
119.60,    13424287.346380,    16.154096
119.70,    13424304.458679,    17.112299
119.80,    13424322.552307,    18.093628
119.90,    13424340.830939,    18.278632
120.00,    13424361.258243,    20.427304
120.10,    13424379.058936,    17.800693
120.20,    13424395.909597,    16.850661
120.30,    13424413.942108,    18.032510
120.40,    13424431.846829,    17.904721
120.50,    13424448.651336,    16.804507
120.60,    13424465.151788,    16.500453
120.70,    13424480.645866,    15.494078
120.80,    13424496.075199,    15.429333
120.90,    13424511.728602,    15.653404
121.00,    13424529.478304,    17.749702
121.10,    13424546.110137,    16.631833
121.20,    13424562.730220,    16.620083
121.30,    13424579.348478,    16.618258
121.40,    13424595.818674,    16.470196
121.50,    13424611.408992,    15.590318
121.60,    13424628.060617,    16.651625
121.70,    13424643.416536,    15.355920
121.80,    13424657.538529,    14.121992
121.90,    13424670.697350,    13.158821
122.00,    13424686.208974,    15.511624
122.10,    13424702.959072,    16.750098
122.20,    13424718.496797,    15.537725
122.30,    13424733.668785,    15.171988
122.40,    13424749.870361,    16.201576
122.50,    13424765.231561,    15.361200
122.60,    13424780.594122,    15.362561
122.70,    13424795.953337,    15.359215
122.80,    13424808.749816,    12.796479
122.90,    13424823.692211,    14.942395
123.00,    13424839.602280,    15.910069
123.10,    13424854.492620,    14.890340
123.20,    13424870.506253,    16.013632
123.30,    13424885.405046,    14.898793
123.40,    13424898.967446,    13.562400
123.50,    13424913.833178,    14.865732
123.60,    13424927.602726,    13.769548
123.70,    13424941.159711,    13.556985
123.80,    13424956.745052,    15.585341
123.90,    13424967.986586,    11.241534
124.00,    13424982.504904,    14.518317
124.10,    13424998.113464,    15.608561
124.20,    13425011.755846,    13.642382
124.30,    13425026.180716,    14.424870
124.40,    13425039.398079,    13.217363
124.50,    13425051.634281,    12.236202
124.60,    13425064.790629,    13.156348
124.70,    13425077.943840,    13.153212
124.80,    13425091.235536,    13.291695
124.90,    13425105.359523,    14.123987
125.00,    13425119.425072,    14.065549
125.10,    13425132.470754,    13.045682
125.20,    13425144.394061,    11.923308
125.30,    13425158.269524,    13.875463
125.40,    13425171.163274,    12.893749
125.50,    13425184.012080,    12.848807
125.60,    13425196.852597,    12.840517
125.70,    13425208.629350,    11.776753
125.80,    13425220.399637,    11.770287
125.90,    13425233.157924,    12.758287
126.00,    13425243.813469,    10.655546
126.10,    13425255.589094,    11.775625
126.20,    13425267.390677,    11.801583
126.30,    13425278.966814,    11.576137
126.40,    13425291.507938,    12.541124
126.50,    13425304.156297,    12.648358
126.60,    13425316.776144,    12.619847
126.70,    13425328.453442,    11.677298
126.80,    13425340.009847,    11.556405
126.90,    13425350.367159,    10.357311
127.00,    13425363.800197,    13.433038
127.10,    13425376.389601,    12.589404
127.20,    13425388.990127,    12.600526
127.30,    13425402.473773,    13.483647
127.40,    13425414.092271,    11.618498
127.50,    13425424.407533,    10.315262
127.60,    13425434.535196,    10.127663
127.70,    13425445.566021,    11.030825
127.80,    13425458.130107,    12.564086
127.90,    13425471.576372,    13.446265
128.00,    13425485.027650,    13.451278
128.10,    13425496.574274,    11.546624
128.20,    13425508.116331,    11.542057
128.30,    13425518.510057,    10.393726
128.40,    13425529.906996,    11.396939
128.50,    13425541.315551,    11.408555
128.60,    13425551.806364,    10.490813
128.70,    13425562.094277,    10.287913
128.80,    13425573.405590,    11.311313
128.90,    13425584.599776,    11.194187
129.00,    13425595.805099,    11.205323
129.10,    13425608.253424,    12.448325
129.20,    13425619.508708,    11.255284
129.30,    13425629.783869,    10.275161
129.40,    13425640.096446,    10.312577
129.50,    13425652.337650,    12.241204
129.60,    13425664.635237,    12.297587
129.70,    13425675.790433,    11.155195
129.80,    13425687.015992,    11.225560
129.90,    13425697.394408,    10.378416
130.00,    13425708.649151,    11.254743
130.10,    13425717.709723,    9.060572
130.20,    13425728.721647,    11.011924
130.30,    13425740.584050,    11.862403
130.40,    13425752.670832,    12.086782
130.50,    13425762.557441,    9.886609
130.60,    13425774.592091,    12.034651
130.70,    13425785.801720,    11.209629
130.80,    13425795.957954,    10.156234
130.90,    13425806.117924,    10.159969
131.00,    13425816.011780,    9.893857
131.10,    13425826.823498,    10.811717
131.20,    13425837.636336,    10.812839
131.30,    13425846.582213,    8.945877
131.40,    13425856.468132,    9.885919
131.50,    13425866.533591,    10.065459
131.60,    13425878.477516,    11.943925
131.70,    13425889.416055,    10.938540
131.80,    13425899.483810,    10.067755
131.90,    13425908.350202,    8.866393
132.00,    13425918.072942,    9.722739
132.10,    13425930.921390,    12.848448
132.20,    13425942.718058,    11.796668
132.30,    13425952.774826,    10.056768
132.40,    13425963.669360,    10.894534
132.50,    13425973.677132,    10.007771
132.60,    13425981.640431,    7.963299
132.70,    13425991.448513,    9.808082
132.80,    13426001.213773,    9.765260
132.90,    13426011.578466,    10.364692
133.00,    13426022.782365,    11.203899
133.10,    13426034.840070,    12.057705
133.20,    13426045.862396,    11.022326
133.30,    13426055.798642,    9.936245
133.40,    13426065.743735,    9.945093
133.50,    13426076.533796,    10.790062
133.60,    13426085.469864,    8.936068
133.70,    13426093.345621,    7.875757
133.80,    13426103.737755,    10.392134
133.90,    13426114.966403,    11.228648
134.00,    13426126.392340,    11.425938
134.10,    13426135.444819,    9.052479
134.20,    13426143.546524,    8.101705
134.30,    13426153.450059,    9.903535
134.40,    13426165.581981,    12.131922
134.50,    13426176.012151,    10.430170
134.60,    13426186.155030,    10.142879
134.70,    13426195.453124,    9.298094
134.80,    13426205.790102,    10.336978
134.90,    13426216.121628,    10.331526
135.00,    13426226.031012,    9.909384
135.10,    13426236.128194,    10.097182
135.20,    13426246.243614,    10.115421
135.30,    13426256.162742,    9.919128
135.40,    13426267.234941,    11.072198
135.50,    13426278.316853,    11.081913
135.60,    13426288.961315,    10.644461
135.70,    13426297.778684,    8.817369
135.80,    13426306.612247,    8.833563
135.90,    13426316.496241,    9.883994
136.00,    13426327.454161,    10.957920
136.10,    13426336.425442,    8.971281
136.20,    13426345.400426,    8.974984
136.30,    13426355.008336,    9.607910
136.40,    13426364.723965,    9.715629
136.50,    13426374.550411,    9.826446
136.60,    13426387.256148,    12.705738
136.70,    13426397.979636,    10.723487
136.80,    13426407.665367,    9.685731
136.90,    13426417.601231,    9.935865
137.00,    13426427.634359,    10.033128
137.10,    13426437.677218,    10.042859
137.20,    13426447.409012,    9.731794
137.30,    13426458.251712,    10.842700
137.40,    13426468.111186,    9.859474
137.50,    13426476.865509,    8.754323
137.60,    13426487.671398,    10.805889
137.70,    13426499.348029,    11.676631
137.80,    13426511.105319,    11.757290
137.90,    13426519.934328,    8.829009
138.00,    13426529.606530,    9.672202
138.10,    13426540.397269,    10.790739
138.20,    13426549.463384,    9.066115
138.30,    13426559.590362,    10.126978
138.40,    13426568.704576,    9.114214
138.50,    13426579.646199,    10.941623
138.60,    13426591.477148,    11.830949
138.70,    13426603.189564,    11.712416
138.80,    13426614.043807,    10.854243
138.90,    13426624.926687,    10.882880
139.00,    13426634.982325,    10.055638
139.10,    13426644.954290,    9.971965
139.20,    13426655.861283,    10.906993
139.30,    13426664.896518,    9.035235
139.40,    13426677.028831,    12.132313
139.50,    13426689.093300,    12.064469
139.60,    13426699.990260,    10.896961
139.70,    13426708.989645,    8.999385
139.80,    13426719.127795,    10.138149
139.90,    13426731.495928,    12.368133
140.00,    13426743.810591,    12.314663
140.10,    13426754.802183,    10.991593
140.20,    13426766.035361,    11.233178
140.30,    13426776.428213,    10.392852
140.40,    13426786.832791,    10.404578
140.50,    13426796.866135,    10.033344
140.60,    13426805.024416,    8.158281
140.70,    13426814.102374,    9.077958
140.80,    13426824.325631,    10.223256
140.90,    13426835.836330,    11.510699
141.00,    13426846.903594,    11.067264
141.10,    13426857.111437,    10.207843
141.20,    13426868.445238,    11.333801
141.30,    13426879.970648,    11.525410
141.40,    13426890.636166,    10.665518
141.50,    13426900.166631,    9.530465
141.60,    13426908.780025,    8.613395
141.70,    13426917.686277,    8.906252
141.80,    13426928.334299,    10.648021
141.90,    13426939.636487,    11.302189
142.00,    13426950.108356,    10.471869
142.10,    13426960.479172,    10.370816
142.20,    13426971.698689,    11.219518
142.30,    13426982.069831,    10.371142
142.40,    13426993.299378,    11.229546
142.50,    13427004.724493,    11.425115
142.60,    13427015.146189,    10.421697
142.70,    13427025.584530,    10.438340
142.80,    13427036.023868,    10.439338
142.90,    13427045.328005,    9.304136
143.00,    13427055.250046,    9.922042
143.10,    13427065.174424,    9.924377
143.20,    13427075.325118,    10.150695
143.30,    13427086.489759,    11.164640
143.40,    13427097.411628,    10.921869
143.50,    13427108.385121,    10.973493
143.60,    13427119.348153,    10.963032
143.70,    13427131.152696,    11.804543
143.80,    13427142.950088,    11.797393
143.90,    13427153.740528,    10.790440
144.00,    13427162.554133,    8.813605
144.10,    13427172.226648,    9.672515
144.20,    13427182.105431,    9.878783
144.30,    13427192.058552,    9.953121
144.40,    13427202.739550,    10.680998
144.50,    13427212.434315,    9.694764
144.60,    13427224.996241,    12.561927
144.70,    13427235.860821,    10.864580
144.80,    13427245.741143,    9.880321
144.90,    13427254.471610,    8.730468
145.00,    13427264.051878,    9.580267
145.10,    13427273.790260,    9.738382
145.20,    13427284.506281,    10.716021
145.30,    13427295.954343,    11.448063
145.40,    13427306.429555,    10.475211
145.50,    13427315.976624,    9.547069
145.60,    13427326.590471,    10.613847
145.70,    13427337.204973,    10.614503
145.80,    13427347.820480,    10.615507
145.90,    13427357.344967,    9.524487
146.00,    13427366.024267,    8.679300
146.10,    13427376.635442,    10.611175
146.20,    13427388.091648,    11.456206
146.30,    13427398.717056,    10.625408
146.40,    13427407.337217,    8.620161
146.50,    13427416.819684,    9.482466
146.60,    13427427.395294,    10.575611
146.70,    13427438.999629,    11.604335
146.80,    13427449.664942,    10.665312
146.90,    13427458.439468,    8.774527
147.00,    13427468.859113,    10.419644
147.10,    13427479.270394,    10.411281
147.20,    13427488.863317,    9.592923
147.30,    13427499.493827,    10.630510
147.40,    13427509.251462,    9.757635
147.50,    13427518.895216,    9.643754
147.60,    13427529.341256,    10.446039
147.70,    13427538.786607,    9.445351
147.80,    13427547.305512,    8.518905
147.90,    13427556.951433,    9.645921
148.00,    13427568.324925,    11.373492
148.10,    13427577.794426,    9.469501
148.20,    13427586.319953,    8.525527
148.30,    13427594.944511,    8.624558
148.40,    13427604.365071,    9.420560
148.50,    13427614.775007,    10.409936
148.60,    13427624.149960,    9.374952
148.70,    13427631.701920,    7.551960
148.80,    13427639.247522,    7.545603
148.90,    13427647.607824,    8.360302
149.00,    13427656.982441,    9.374617
149.10,    13427666.274166,    9.291725
149.20,    13427675.450910,    9.176744
149.30,    13427684.623441,    9.172532
149.40,    13427694.617487,    9.994045
149.50,    13427703.682663,    9.065177
149.60,    13427712.746024,    9.063361
149.70,    13427721.724393,    8.978369
149.80,    13427730.843498,    9.119105
149.90,    13427739.012163,    8.168665
150.00,    13427748.059085,    9.046922
150.10,    13427758.178800,    10.119715
150.20,    13427766.503445,    8.324644
150.30,    13427775.623384,    9.119939
150.40,    13427784.733524,    9.110139
150.50,    13427792.825430,    8.091907
150.60,    13427800.917472,    8.092042
150.70,    13427810.793384,    9.875912
150.80,    13427819.809240,    9.015856
150.90,    13427827.862618,    8.053378
151.00,    13427835.915534,    8.052916
151.10,    13427843.968529,    8.052995
151.20,    13427852.934206,    8.965677
151.30,    13427862.006449,    9.072243
151.40,    13427871.952722,    9.946274
151.50,    13427880.112187,    8.159465
151.60,    13427887.396349,    7.284162
151.70,    13427894.679803,    7.283454
151.80,    13427902.792050,    8.112247
151.90,    13427910.884079,    8.092030
152.00,    13427918.074428,    7.190348
152.10,    13427927.003008,    8.928580
152.20,    13427934.969074,    7.966066
152.30,    13427943.713825,    8.744751
152.40,    13427953.351765,    9.637940
152.50,    13427962.147709,    8.795944
152.60,    13427970.167782,    8.020073
152.70,    13427978.173133,    8.005351
152.80,    13427986.142262,    7.969130
152.90,    13427995.728101,    9.585838
153.00,    13428003.667718,    7.939618
153.10,    13428010.710938,    7.043219
153.20,    13428017.747641,    7.036703
153.30,    13428025.551089,    7.803448
153.40,    13428033.413046,    7.861956
153.50,    13428042.082406,    8.669361
153.60,    13428048.924901,    6.842495
153.70,    13428054.864986,    5.940084
153.80,    13428063.357250,    8.492265
153.90,    13428071.960655,    8.603404
154.00,    13428079.706032,    7.745378
154.10,    13428089.039180,    9.333148
154.20,    13428097.519647,    8.480467
154.30,    13428104.298559,    6.778912
154.40,    13428111.077760,    6.779202
154.50,    13428117.849668,    6.771907
154.60,    13428125.374530,    7.524863
154.70,    13428132.008492,    6.633962
154.80,    13428138.166678,    6.158185
154.90,    13428145.124522,    6.957845
155.00,    13428152.074757,    6.950235
155.10,    13428160.593585,    8.518828
155.20,    13428169.082414,    8.488829
155.30,    13428175.827841,    6.745427
155.40,    13428183.569533,    7.741692
155.50,    13428191.222290,    7.652757
155.60,    13428198.868697,    7.646407
155.70,    13428206.514046,    7.645350
155.80,    13428214.149445,    7.635399
155.90,    13428220.202216,    6.052771
156.00,    13428227.088291,    6.886075
156.10,    13428232.881954,    5.793663
156.20,    13428240.447351,    7.565397
156.30,    13428247.250504,    6.803153
156.40,    13428253.206764,    5.956260
156.50,    13428260.607242,    7.400478
156.60,    13428267.179529,    6.572286
156.70,    13428273.741543,    6.562015
156.80,    13428280.317750,    6.576207
156.90,    13428286.888280,    6.570530
157.00,    13428293.446724,    6.558443
157.10,    13428299.279946,    5.833222
157.20,    13428305.821295,    6.541349
157.30,    13428311.563740,    5.742445
157.40,    13428318.835558,    7.271818
157.50,    13428326.115072,    7.279513
157.60,    13428333.467765,    7.352694
157.70,    13428340.810978,    7.343213
157.80,    13428348.038139,    7.227161
157.90,    13428353.755234,    5.717095
158.00,    13428359.468170,    5.712936
158.10,    13428366.773103,    7.304933
158.20,    13428374.009285,    7.236182
158.30,    13428381.286194,    7.276909
158.40,    13428386.899914,    5.613720
158.50,    13428392.513474,    5.613560
158.60,    13428398.824942,    6.311468
158.70,    13428405.891986,    7.067044
158.80,    13428412.243060,    6.351074
158.90,    13428417.639566,    5.396507
159.00,    13428423.906251,    6.266684
159.10,    13428430.180563,    6.274312
159.20,    13428436.446349,    6.265786
159.30,    13428444.263118,    7.816769
159.40,    13428451.409367,    7.146249
159.50,    13428458.551176,    7.141809
159.60,    13428464.811428,    6.260252
159.70,    13428471.065636,    6.254208
159.80,    13428477.311281,    6.245645
159.90,    13428483.549000,    6.237719
160.00,    13428490.689219,    7.140219
160.10,    13428496.970650,    6.281431
160.20,    13428503.249509,    6.278859
160.30,    13428509.526122,    6.276614
160.40,    13428515.797707,    6.271585
160.50,    13428522.759612,    6.961905
160.60,    13428528.282657,    5.523045
160.70,    13428533.796892,    5.514235
160.80,    13428539.243864,    5.446972
160.90,    13428545.579600,    6.335736
161.00,    13428552.602197,    7.022597
161.10,    13428559.609577,    7.007379
161.20,    13428565.863575,    6.253998
161.30,    13428572.117968,    6.254393
161.40,    13428578.369604,    6.251635
161.50,    13428583.741390,    5.371786
161.60,    13428590.053338,    6.311949
161.70,    13428597.155631,    7.102292
161.80,    13428603.457330,    6.301699
161.90,    13428609.010032,    5.552702
162.00,    13428614.557248,    5.547216
162.10,    13428620.066467,    5.509219
162.20,    13428626.257322,    6.190855
162.30,    13428631.761291,    5.503969
162.40,    13428638.053433,    6.292141
162.50,    13428644.198345,    6.144912
162.60,    13428650.252138,    6.053794
162.70,    13428657.736273,    7.484135
162.80,    13428664.554671,    6.818398
162.90,    13428670.676714,    6.122043
163.00,    13428676.723629,    6.046915
163.10,    13428682.766822,    6.043193
163.20,    13428688.014881,    5.248059
163.30,    13428693.454154,    5.439274
163.40,    13428699.711942,    6.257788
163.50,    13428705.955860,    6.243917
163.60,    13428711.445490,    5.489631
163.70,    13428716.738521,    5.293030
163.80,    13428722.908480,    6.169959
163.90,    13428728.394707,    5.486228
164.00,    13428734.766250,    6.371542
164.10,    13428742.466455,    7.700205
164.20,    13428749.341148,    6.874694
164.30,    13428754.819774,    5.478626
164.40,    13428760.299310,    5.479536
164.50,    13428766.505760,    6.206450
164.60,    13428772.703880,    6.198120
164.70,    13428778.194460,    5.490580
164.80,    13428782.824840,    4.630380
164.90,    13428786.799291,    3.974451
165.00,    13428792.319261,    5.519970
165.10,    13428798.616690,    6.297428
165.20,    13428804.122612,    5.505923
165.30,    13428810.987874,    6.865261
165.40,    13428817.126513,    6.138639
165.50,    13428823.399012,    6.272500
165.60,    13428829.019023,    5.620011
165.70,    13428833.844523,    4.825500
165.80,    13428838.668643,    4.824120
165.90,    13428843.491135,    4.822492
166.00,    13428849.687959,    6.196825
166.10,    13428854.998705,    5.310746
166.20,    13428860.322981,    5.324275
166.30,    13428865.647704,    5.324723
166.40,    13428870.971739,    5.324035
166.50,    13428876.270315,    5.298577
166.60,    13428882.276306,    6.005991
166.70,    13428888.934403,    6.658097
166.80,    13428894.921027,    5.986624
166.90,    13428900.905524,    5.984498
167.00,    13428906.887462,    5.981938
167.10,    13428912.142607,    5.255145
167.20,    13428917.395500,    5.252893
167.30,    13428923.590540,    6.195040
167.40,    13428929.588539,    5.997999
167.50,    13428935.589678,    6.001139
167.60,    13428941.587788,    5.998110
167.70,    13428946.866921,    5.279132
167.80,    13428952.143891,    5.276970
167.90,    13428956.754605,    4.610714
168.00,    13428961.367340,    4.612735
168.10,    13428966.641098,    5.273758
168.20,    13428972.612141,    5.971043
168.30,    13428979.459200,    6.847059
168.40,    13428986.301402,    6.842202
168.50,    13428991.553331,    5.251929
168.60,    13428997.515701,    5.962369
168.70,    13429003.483218,    5.967518
168.80,    13429009.444684,    5.961466
168.90,    13429015.405161,    5.960477
169.00,    13429020.748726,    5.343564
169.10,    13429026.089670,    5.340945
169.20,    13429031.514545,    5.424875
169.30,    13429037.485054,    5.970509
169.40,    13429043.458921,    5.973867
169.50,    13429048.776768,    5.317846
169.60,    13429054.748453,    5.971686
169.70,    13429060.818497,    6.070044
169.80,    13429066.244594,    5.426097
169.90,    13429070.961181,    4.716586
170.00,    13429076.345394,    5.384213
170.10,    13429082.476618,    6.131224
170.20,    13429088.602309,    6.125692
170.30,    13429094.728485,    6.126176
170.40,    13429100.963597,    6.235112
170.50,    13429106.398385,    5.434788
170.60,    13429111.830102,    5.431717
170.70,    13429117.253106,    5.423004
170.80,    13429124.056605,    6.803499
170.90,    13429130.189624,    6.133019
171.00,    13429135.361232,    5.171608
171.10,    13429140.686475,    5.325243
171.20,    13429146.903296,    6.216821
171.30,    13429153.110014,    6.206718
171.40,    13429158.655262,    5.545249
171.50,    13429164.047104,    5.391842
171.60,    13429170.106137,    6.059033
171.70,    13429176.163935,    6.057797
171.80,    13429182.216296,    6.052361
171.90,    13429186.700248,    4.483952
172.00,    13429191.415681,    4.715434
172.10,    13429196.126931,    4.711249
172.20,    13429201.508435,    5.381505
172.30,    13429207.712056,    6.203620
172.40,    13429214.596076,    6.884020
172.50,    13429221.314574,    6.718498
172.60,    13429228.177237,    6.862663
172.70,    13429234.380382,    6.203145
172.80,    13429239.763143,    5.382762
172.90,    13429245.143946,    5.380803
173.00,    13429250.523487,    5.379541
173.10,    13429257.290029,    6.766542
173.20,    13429264.045787,    6.755758
173.30,    13429269.394535,    5.348749
173.40,    13429274.733300,    5.338765
173.50,    13429280.078588,    5.345288
173.60,    13429285.422812,    5.344224
173.70,    13429291.643987,    6.221175
173.80,    13429297.847731,    6.203743
173.90,    13429303.994427,    6.146696
174.00,    13429309.981850,    5.987423
174.10,    13429315.975494,    5.993643
174.20,    13429321.985389,    6.009895
174.30,    13429327.990065,    6.004676
174.40,    13429332.443607,    4.453542
174.50,    13429337.755191,    5.311584
174.60,    13429343.797548,    6.042358
174.70,    13429350.732940,    6.935392
174.80,    13429357.668417,    6.935477
174.90,    13429364.600335,    6.931918
175.00,    13429370.660546,    6.060211
175.10,    13429375.993841,    5.333294
175.20,    13429381.375976,    5.382136
175.30,    13429386.755821,    5.379844
175.40,    13429392.827680,    6.071860
175.50,    13429398.895575,    6.067895
175.60,    13429405.749992,    6.854417
175.70,    13429410.408233,    4.658242
175.80,    13429415.772010,    5.363777
175.90,    13429421.131696,    5.359685
176.00,    13429427.149623,    6.017928
176.10,    13429433.084147,    5.934524
176.20,    13429437.562358,    4.478211
176.30,    13429444.272228,    6.709870
176.40,    13429451.151799,    6.879571
176.50,    13429458.032579,    6.880780
176.60,    13429464.249163,    6.216584
176.70,    13429469.601985,    5.352822
176.80,    13429474.948707,    5.346721
176.90,    13429480.932156,    5.983449
177.00,    13429486.910370,    5.978214
177.10,    13429493.086785,    6.176415
177.20,    13429498.426468,    5.339683
177.30,    13429504.488928,    6.062460
177.40,    13429511.210331,    6.721403
177.50,    13429517.208104,    5.997773
177.60,    13429522.542840,    5.334736
177.70,    13429528.740817,    6.197976
177.80,    13429534.069548,    5.328732
177.90,    13429540.775610,    6.706061
178.00,    13429547.473092,    6.697482
178.10,    13429553.471311,    5.998219
178.20,    13429559.465969,    5.994658
178.30,    13429565.460904,    5.994935
178.40,    13429571.483519,    6.022616
178.50,    13429577.496559,    6.013040
178.60,    13429582.114773,    4.618214
178.70,    13429587.532237,    5.417465
178.80,    13429594.476115,    6.943878
178.90,    13429601.411273,    6.935158
179.00,    13429607.507500,    6.096226
179.10,    13429612.889772,    5.382272
179.20,    13429618.978557,    6.088785
179.30,    13429625.063107,    6.084551
179.40,    13429631.138214,    6.075107
179.50,    13429636.370551,    5.232337
179.60,    13429641.598638,    5.228087
179.70,    13429646.813575,    5.214938
179.80,    13429651.469668,    4.656093
179.90,    13429656.124487,    4.654819
180.00,    13429662.262008,    6.137521
180.10,    13429669.110287,    6.848279
180.20,    13429675.791012,    6.680725
180.30,    13429682.470419,    6.679407
180.40,    13429687.749191,    5.278772
180.50,    13429693.022144,    5.272954
180.60,    13429699.771799,    6.749655
180.70,    13429705.743352,    5.971552
180.80,    13429711.053847,    5.310495
180.90,    13429716.352294,    5.298447
181.00,    13429721.564710,    5.212416
181.10,    13429726.773980,    5.209270
181.20,    13429731.980759,    5.206779
181.30,    13429737.869160,    5.888401
181.40,    13429744.395416,    6.526256
181.50,    13429749.563212,    5.167796
181.60,    13429755.439696,    5.876484
181.70,    13429761.307768,    5.868072
181.80,    13429767.164803,    5.857035
181.90,    13429773.013403,    5.848600
182.00,    13429778.187128,    5.173725
182.10,    13429783.432660,    5.245532
182.20,    13429787.936450,    4.503790
182.30,    13429792.431093,    4.494643
182.40,    13429797.573661,    5.142568
182.50,    13429803.395574,    5.821913
182.60,    13429808.488164,    5.092590
182.70,    13429812.788548,    4.300384
182.80,    13429818.581394,    5.792846
182.90,    13429824.374174,    5.792780
183.00,    13429830.162285,    5.788110
183.10,    13429835.939477,    5.777192
183.20,    13429841.056353,    5.116877
183.30,    13429846.160816,    5.104462
183.40,    13429851.253545,    5.092729
183.50,    13429855.642377,    4.388832
183.60,    13429861.350824,    5.708446
183.70,    13429866.397335,    5.046512
183.80,    13429872.135170,    5.737834
183.90,    13429877.860855,    5.725685
184.00,    13429884.221228,    6.360374
184.10,    13429889.237227,    5.015999
184.20,    13429894.282772,    5.045544
184.30,    13429899.321340,    5.038568
184.40,    13429904.351092,    5.029752
184.50,    13429909.367315,    5.016223
184.60,    13429915.015663,    5.648347
184.70,    13429920.023521,    5.007858
184.80,    13429925.023722,    5.000201
184.90,    13429929.902556,    4.878834
185.00,    13429934.770912,    4.868357
185.10,    13429939.000126,    4.229214
185.20,    13429942.533161,    3.533035
185.30,    13429946.825989,    4.292828
185.40,    13429951.746639,    4.920650
185.50,    13429956.656266,    4.909627
185.60,    13429962.935292,    6.279026
185.70,    13429967.771301,    4.836009
185.80,    13429973.290160,    5.518859
185.90,    13429978.176146,    4.885985
186.00,    13429983.056776,    4.880631
186.10,    13429988.614226,    5.557450
186.20,    13429994.160794,    5.546568
186.30,    13429999.695378,    5.534585
186.40,    13430004.589804,    4.894425
186.50,    13430008.788236,    4.198432
186.60,    13430013.650948,    4.862712
186.70,    13430018.510094,    4.859146
186.80,    13430022.633545,    4.123451
186.90,    13430026.861778,    4.228233
187.00,    13430031.083396,    4.221619
187.10,    13430035.292220,    4.208823
187.20,    13430039.427251,    4.135032
187.30,    13430043.618040,    4.190789
187.40,    13430048.415056,    4.797016
187.50,    13430053.106554,    4.691498
187.60,    13430058.542793,    5.436239
187.70,    13430063.989145,    5.446352
187.80,    13430068.143562,    4.154417
187.90,    13430072.289078,    4.145517
188.00,    13430076.428828,    4.139750
188.10,    13430081.231790,    4.802962
188.20,    13430086.025128,    4.793338
188.30,    13430091.410274,    5.385146
188.40,    13430095.400123,    3.989848
188.50,    13430098.775296,    3.375173
188.60,    13430102.799352,    4.024056
188.70,    13430107.552060,    4.752708
188.80,    13430112.296816,    4.744756
188.90,    13430117.635633,    5.338817
189.00,    13430122.362218,    4.726585
189.10,    13430126.419045,    4.056826
189.20,    13430130.463162,    4.044118
189.30,    13430133.792148,    3.328986
189.40,    13430137.114834,    3.322686
189.50,    13430140.429096,    3.314262
189.60,    13430143.848783,    3.419687
189.70,    13430147.257757,    3.408975
189.80,    13430151.229597,    3.971839
189.90,    13430155.838365,    4.608768
190.00,    13430160.435070,    4.596705
190.10,    13430164.324959,    3.889889
190.20,    13430168.211918,    3.886959
190.30,    13430172.094800,    3.882882
190.40,    13430176.631206,    4.536406
190.50,    13430180.569872,    3.938666
190.60,    13430184.498823,    3.928951
190.70,    13430189.046892,    4.548069
190.80,    13430193.588153,    4.541261
190.90,    13430197.444397,    3.856245
191.00,    13430201.295111,    3.850714
191.10,    13430205.199896,    3.904785
191.20,    13430207.820329,    2.620433
191.30,    13430211.017364,    3.197036
191.40,    13430214.208934,    3.191570
191.50,    13430217.394802,    3.185867
191.60,    13430221.901394,    4.506592
191.70,    13430226.399228,    4.497834
191.80,    13430230.284566,    3.885338
191.90,    13430234.162520,    3.877954
192.00,    13430238.607803,    4.445283
192.10,    13430242.363641,    3.755838
192.20,    13430245.540449,    3.176809
192.30,    13430248.710479,    3.170030
192.40,    13430252.485526,    3.775047
192.50,    13430256.828616,    4.343090
192.60,    13430261.916050,    5.087435
192.70,    13430265.805668,    3.889617
192.80,    13430269.689160,    3.883492
192.90,    13430273.562219,    3.873059
193.00,    13430277.426114,    3.863895
193.10,    13430280.609973,    3.183858
193.20,    13430283.788998,    3.179025
193.30,    13430286.962077,    3.173079
193.40,    13430290.122745,    3.160668
193.50,    13430293.960019,    3.837274
193.60,    13430297.793654,    3.833635
193.70,    13430301.619798,    3.826144
193.80,    13430305.433696,    3.813898
193.90,    13430309.238870,    3.805173
194.00,    13430312.319050,    3.080180
194.10,    13430315.392438,    3.073388
194.20,    13430319.623121,    4.230683
194.30,    13430322.690223,    3.067102
194.40,    13430326.424572,    3.734349
194.50,    13430330.153067,    3.728495
194.60,    13430333.872482,    3.719415
194.70,    13430337.583161,    3.710679
194.80,    13430340.630091,    3.046930
194.90,    13430343.115709,    2.485619
195.00,    13430346.141335,    3.025626
195.10,    13430349.768967,    3.627632
195.20,    13430353.511281,    3.742314
195.30,    13430357.246044,    3.734763
195.40,    13430360.968652,    3.722608
195.50,    13430364.137205,    3.168553
195.60,    13430367.194737,    3.057532
195.70,    13430370.249154,    3.054418
195.80,    13430373.297793,    3.048638
195.90,    13430376.336189,    3.038397
196.00,    13430378.780510,    2.444320
196.10,    13430381.760003,    2.979494
196.20,    13430384.871678,    3.111675
196.30,    13430388.562048,    3.690370
196.40,    13430392.246536,    3.684487
196.50,    13430395.803456,    3.556920
196.60,    13430399.352011,    3.548555
196.70,    13430403.505878,    4.153867
196.80,    13430406.535840,    3.029962
196.90,    13430409.564140,    3.028300
197.00,    13430411.979585,    2.415445
197.10,    13430415.631067,    3.651482
197.20,    13430419.274949,    3.643882
197.30,    13430422.913146,    3.638197
197.40,    13430426.545921,    3.632774
197.50,    13430430.169415,    3.623494
197.60,    13430433.196021,    3.026606
197.70,    13430435.576103,    2.380082
197.80,    13430437.954492,    2.378389
197.90,    13430440.331575,    2.377083
198.00,    13430443.374423,    3.042847
198.10,    13430446.385058,    3.010635
198.20,    13430449.958682,    3.573624
198.30,    13430453.008336,    3.049653
198.40,    13430456.576064,    3.567728
198.50,    13430460.135153,    3.559089
198.60,    13430463.056130,    2.920977
198.70,    13430465.974229,    2.918099
198.80,    13430468.887527,    2.913298
198.90,    13430472.335754,    3.448228
199.00,    13430475.256656,    2.920902
199.10,    13430478.172089,    2.915433
199.20,    13430481.082041,    2.909952
199.30,    13430484.650731,    3.568689
199.40,    13430488.214142,    3.563411
199.50,    13430491.134721,    2.920579
199.60,    13430494.053128,    2.918407
199.70,    13430497.566679,    3.513551
199.80,    13430500.510886,    2.944207
199.90,    13430502.324134,    1.813248
200.00,    13430504.136580,    1.812446
200.10,    13430507.036651,    2.900071
200.20,    13430509.933622,    2.896970
200.30,    13430513.485662,    3.552040
200.40,    13430517.028325,    3.542663
200.50,    13430520.562277,    3.533953
200.60,    13430524.091030,    3.528753
200.70,    13430527.612896,    3.521866
200.80,    13430530.465473,    2.852577
200.90,    13430532.796653,    2.331180
201.00,    13430535.121865,    2.325212
201.10,    13430537.992940,    2.871074
201.20,    13430540.859750,    2.866810
201.30,    13430543.722705,    2.862955
201.40,    13430546.579147,    2.856442
201.50,    13430549.427413,    2.848266
201.60,    13430552.393131,    2.965718
201.70,    13430555.350109,    2.956978
201.80,    13430557.746030,    2.395921
201.90,    13430560.017908,    2.271878
202.00,    13430562.284242,    2.266335
202.10,    13430565.106018,    2.821776
202.20,    13430567.419175,    2.313157
202.30,    13430569.727536,    2.308361
202.40,    13430572.030064,    2.302529
202.50,    13430574.847293,    2.817228
202.60,    13430577.657930,    2.810637
202.70,    13430579.917022,    2.259092
202.80,    13430582.172491,    2.255469
202.90,    13430583.807915,    1.635424
203.00,    13430586.057765,    2.249850
203.10,    13430588.304529,    2.246765
203.20,    13430591.101705,    2.797176
203.30,    13430594.532282,    3.430577
203.40,    13430597.418620,    2.886338
203.50,    13430600.298186,    2.879566
203.60,    13430603.170450,    2.872264
203.70,    13430605.433919,    2.263470
203.80,    13430607.698112,    2.264192
203.90,    13430609.945358,    2.247247
204.00,    13430612.831432,    2.886073
204.10,    13430616.221404,    3.389972
204.20,    13430619.604091,    3.382688
204.30,    13430622.486353,    2.882262
204.40,    13430625.363704,    2.877351
204.50,    13430628.212567,    2.848863
204.60,    13430631.055641,    2.843074
204.70,    13430633.894435,    2.838794
204.80,    13430636.728824,    2.834389
204.90,    13430639.654076,    2.925252
205.00,    13430642.573767,    2.919691
205.10,    13430644.983248,    2.409481
205.20,    13430647.387360,    2.404112
205.30,    13430650.832326,    3.444966
205.40,    13430653.660630,    2.828304
205.50,    13430656.483831,    2.823201
205.60,    13430659.303425,    2.819594
205.70,    13430662.120877,    2.817452
205.80,    13430664.933827,    2.812950
205.90,    13430667.741008,    2.807181
206.00,    13430669.504333,    1.763325
206.10,    13430671.263010,    1.758677
206.20,    13430673.015921,    1.752911
206.30,    13430674.764265,    1.748344
206.40,    13430677.642740,    2.878475
206.50,    13430679.907346,    2.264606
206.60,    13430682.170415,    2.263069
206.70,    13430684.429938,    2.259522
206.80,    13430686.683863,    2.253925
206.90,    13430689.421816,    2.737953
207.00,    13430691.580915,    2.159099
207.10,    13430693.735849,    2.154934
207.20,    13430696.015590,    2.279742
207.30,    13430698.294108,    2.278518
207.40,    13430700.570887,    2.276778
207.50,    13430703.332924,    2.762037
207.60,    13430706.087896,    2.754972
207.70,    13430708.837374,    2.749478
207.80,    13430711.582551,    2.745177
207.90,    13430713.310771,    1.728221
208.00,    13430715.035539,    1.724768
208.10,    13430716.755740,    1.720201
208.20,    13430718.470730,    1.714990
208.30,    13430720.179708,    1.708979
208.40,    13430722.502527,    2.322819
208.50,    13430725.348163,    2.845635
208.60,    13430727.578605,    2.230443
208.70,    13430730.882554,    3.303949
208.80,    13430733.666543,    2.783989
208.90,    13430736.445903,    2.779360
209.00,    13430739.218137,    2.772235
209.10,    13430741.983590,    2.765453
209.20,    13430744.176531,    2.192941
209.30,    13430746.891908,    2.715377
209.40,    13430749.605587,    2.713679
209.50,    13430752.313857,    2.708270
209.60,    13430754.471360,    2.157504
209.70,    13430757.231526,    2.760166
209.80,    13430759.983365,    2.751839
209.90,    13430762.727794,    2.744428
210.00,    13430764.878899,    2.151105
210.10,    13430767.552999,    2.674100
210.20,    13430769.739394,    2.186395
210.30,    13430771.922753,    2.183359
210.40,    13430774.100897,    2.178144
210.50,    13430776.273442,    2.172545
210.60,    13430778.441008,    2.167566
210.70,    13430781.191027,    2.750019
210.80,    13430783.936843,    2.745816
210.90,    13430786.583342,    2.646498
211.00,    13430789.225222,    2.641881
211.10,    13430791.347616,    2.122394
211.20,    13430794.068764,    2.721148
211.30,    13430796.302258,    2.233493
211.40,    13430799.007685,    2.705427
211.50,    13430802.231908,    3.224223
211.60,    13430804.886971,    2.655063
211.70,    13430807.539514,    2.652543
211.80,    13430810.186892,    2.647378
211.90,    13430812.826920,    2.640028
212.00,    13430814.948633,    2.121713
212.10,    13430817.554219,    2.605586
212.20,    13430819.681116,    2.126897
212.30,    13430821.803879,    2.122762
212.40,    13430823.347697,    1.543818
212.50,    13430824.891725,    1.544028
212.60,    13430827.585224,    2.693499
212.70,    13430830.788007,    3.202783
212.80,    13430833.986053,    3.198046
212.90,    13430837.178973,    3.192920
213.00,    13430839.304374,    2.125402
213.10,    13430841.426675,    2.122300
213.20,    13430843.064741,    1.638066
213.30,    13430844.701304,    1.636563
213.40,    13430846.335941,    1.634637
213.50,    13430849.034557,    2.698616
213.60,    13430852.209598,    3.175041
213.70,    13430855.381852,    3.172254
213.80,    13430858.085050,    2.703198
213.90,    13430860.213189,    2.128139
214.00,    13430862.846915,    2.633726
214.10,    13430865.474874,    2.627959
214.20,    13430868.100201,    2.625328
214.30,    13430870.207205,    2.107003
214.40,    13430872.311581,    2.104376
214.50,    13430874.411960,    2.100380
214.60,    13430876.507078,    2.095118
214.70,    13430878.699857,    2.192779
214.80,    13430880.884464,    2.184606
214.90,    13430882.490506,    1.606042
215.00,    13430884.563971,    2.073466
215.10,    13430886.633526,    2.069554
215.20,    13430888.698274,    2.064748
215.30,    13430891.261259,    2.562985
215.40,    13430893.818635,    2.557376
215.50,    13430895.902169,    2.083534
215.60,    13430897.476460,    1.574291
215.70,    13430898.488276,    1.011816
215.80,    13430900.088901,    1.600625
215.90,    13430902.192362,    2.103461
216.00,    13430904.848418,    2.656056
216.10,    13430907.501397,    2.652979
216.20,    13430910.618135,    3.116738
216.30,    13430913.727630,    3.109495
216.40,    13430915.818520,    2.090890
216.50,    13430917.920036,    2.101516
216.60,    13430920.019686,    2.099649
216.70,    13430922.117788,    2.098102
216.80,    13430924.212802,    2.095014
216.90,    13430926.304835,    2.092033
217.00,    13430928.979365,    2.674531
217.10,    13430931.647345,    2.667980
217.20,    13430933.743501,    2.096156
217.30,    13430935.835422,    2.091921
217.40,    13430937.436125,    1.600703
217.50,    13430939.033618,    1.597493
217.60,    13430941.138525,    2.104907
217.70,    13430943.240273,    2.101748
217.80,    13430945.339168,    2.098895
217.90,    13430947.433055,    2.093887
218.00,    13430949.522063,    2.089008
218.10,    13430952.173266,    2.651203
218.20,    13430954.258848,    2.085582
218.30,    13430956.304310,    2.045462
218.40,    13430958.345798,    2.041488
218.50,    13430959.927401,    1.581602
218.60,    13430961.503663,    1.576262
218.70,    13430963.542333,    2.038670
218.80,    13430966.151600,    2.609267
218.90,    13430968.754315,    2.602715
219.00,    13430971.351219,    2.596905
219.10,    13430973.397586,    2.046367
219.20,    13430975.439162,    2.041576
219.30,    13430977.465395,    2.026233
219.40,    13430979.025568,    1.560173
219.50,    13430980.581495,    1.555928
219.60,    13430982.717342,    2.135847
219.70,    13430984.848962,    2.131620
219.80,    13430987.431624,    2.582661
219.90,    13430990.007783,    2.576159
220.00,    13430992.536404,    2.528621
220.10,    13430994.607301,    2.070897
220.20,    13430996.673994,    2.066693
220.30,    13430998.737843,    2.063849
220.40,    13431000.304681,    1.566838
220.50,    13431002.915869,    2.611188
220.60,    13431005.521737,    2.605869
220.70,    13431008.123385,    2.601648
220.80,    13431010.720819,    2.597433
220.90,    13431013.311339,    2.590520
221.00,    13431015.895623,    2.584284
221.10,    13431017.445114,    1.549491
