time, current, entrained
0.10,    12299877.928688,    0.000000
0.20,    12299877.928688,    0.000000
0.30,    12299877.928688,    0.000000
0.40,    12299877.928688,    0.000000
0.50,    12299877.928688,    0.000000
0.60,    12299877.928688,    0.000000
0.70,    12299877.928688,    0.000000
0.80,    12299877.928688,    0.000000
0.90,    12299877.928688,    0.000000
1.00,    12299877.928688,    0.000000
1.10,    12299877.928688,    0.000000
1.20,    12299877.928688,    0.000000
1.30,    12299877.928688,    0.000000
1.40,    12299877.928688,    0.000000
1.50,    12299877.928688,    0.000000
1.60,    12299877.928688,    0.000000
1.70,    12299877.928688,    0.000000
1.80,    12299877.928688,    0.000000
1.90,    12299877.928688,    0.000000
2.00,    12299877.928688,    0.000000
2.10,    12299877.928688,    0.000000
2.20,    12299877.928688,    0.000000
2.30,    12299877.928688,    0.000000
2.40,    12299878.288546,    0.359858
2.50,    12299879.373047,    1.084502
2.60,    12299880.638222,    1.265175
2.70,    12299882.440955,    1.802733
2.80,    12299885.435759,    2.994804
2.90,    12299890.557704,    5.121945
3.00,    12299898.093813,    7.536109
3.10,    12299908.950696,    10.856883
3.20,    12299924.159441,    15.208745
3.30,    12299943.922706,    19.763266
3.40,    12299968.376677,    24.453971
3.50,    12300003.703564,    35.326887
3.60,    12300046.785649,    43.082084
3.70,    12300101.587100,    54.801451
3.80,    12300167.036845,    65.449745
3.90,    12300248.499919,    81.463074
4.00,    12300343.271415,    94.771496
4.10,    12300455.167784,    111.896369
4.20,    12300584.158229,    128.990444
4.30,    12300735.893233,    151.735004
4.40,    12300906.668520,    170.775287
4.50,    12301104.148789,    197.480269
4.60,    12301332.012834,    227.864044
4.70,    12301583.030675,    251.017841
4.80,    12301880.402411,    297.371736
4.90,    12302212.394948,    331.992537
5.00,    12302587.416682,    375.021734
5.10,    12303006.209642,    418.792960
5.20,    12303471.524392,    465.314750
5.30,    12303989.741912,    518.217520
5.40,    12304559.540986,    569.799074
5.50,    12305189.884102,    630.343116
5.60,    12305889.197413,    699.313311
5.70,    12306648.071820,    758.874406
5.80,    12307470.024042,    821.952223
5.90,    12308361.542453,    891.518411
6.00,    12309328.786491,    967.244038
6.10,    12310378.097525,    1049.311034
6.20,    12311497.915413,    1119.817888
6.30,    12312697.696006,    1199.780593
6.40,    12313980.775312,    1283.079306
6.50,    12315350.292976,    1369.517664
6.60,    12316828.116029,    1477.823053
6.70,    12318389.108572,    1560.992543
6.80,    12320064.334586,    1675.226014
6.90,    12321845.867020,    1781.532434
7.00,    12323725.698261,    1879.831241
7.10,    12325728.316652,    2002.618391
7.20,    12327828.029656,    2099.713004
7.30,    12330035.798972,    2207.769316
7.40,    12332378.810721,    2343.011749
7.50,    12334842.326773,    2463.516052
7.60,    12337426.308661,    2583.981888
7.70,    12340115.972474,    2689.663813
7.80,    12342926.845988,    2810.873514
7.90,    12345891.349527,    2964.503539
8.00,    12348996.725920,    3105.376393
8.10,    12352240.272731,    3243.546811
8.20,    12355633.282225,    3393.009494
8.30,    12359193.391545,    3560.109320
8.40,    12362908.919214,    3715.527669
8.50,    12366777.497584,    3868.578370
8.60,    12370772.244127,    3994.746542
8.70,    12374910.200233,    4137.956106
8.80,    12379233.207685,    4323.007452
8.90,    12383741.372270,    4508.164585
9.00,    12388496.100431,    4754.728161
9.10,    12393448.801907,    4952.701477
9.20,    12398535.344025,    5086.542118
9.30,    12403854.787675,    5319.443650
9.40,    12409372.648574,    5517.860899
9.50,    12415054.805360,    5682.156786
9.60,    12421024.076778,    5969.271417
9.70,    12427224.120414,    6200.043636
9.80,    12433713.370439,    6489.250025
9.90,    12440379.481675,    6666.111236
10.00,    12447336.889887,    6957.408212
10.10,    12454458.099797,    7121.209909
10.20,    12461872.661053,    7414.561257
10.30,    12469581.113718,    7708.452665
10.40,    12477500.827144,    7919.713426
10.50,    12485463.888057,    7963.060913
10.60,    12493639.781988,    8175.893931
10.70,    12501982.876240,    8343.094252
10.80,    12510552.609239,    8569.732999
10.90,    12519320.934702,    8768.325463
11.00,    12528264.998022,    8944.063320
11.10,    12537409.663068,    9144.665046
11.20,    12546748.274256,    9338.611188
11.30,    12556167.213700,    9418.939444
11.40,    12565847.310522,    9680.096822
11.50,    12575828.202955,    9980.892433
11.60,    12586085.322623,    10257.119668
11.70,    12596712.000817,    10626.678194
11.80,    12607779.324916,    11067.324099
11.90,    12619146.737949,    11367.413033
12.00,    12630753.044809,    11606.306860
12.10,    12642620.867890,    11867.823081
12.20,    12654764.687810,    12143.819920
12.30,    12667274.290480,    12509.602670
12.40,    12679975.674620,    12701.384140
12.50,    12692840.509662,    12864.835042
12.60,    12705648.461432,    12807.951770
12.70,    12718669.371645,    13020.910213
12.80,    12731678.122848,    13008.751202
12.90,    12744824.707717,    13146.584869
13.00,    12758041.174039,    13216.466322
13.10,    12771392.061896,    13350.887856
13.20,    12784863.139241,    13471.077345
13.30,    12798326.556492,    13463.417251
13.40,    12811615.130723,    13288.574231
13.50,    12824804.284484,    13189.153761
13.60,    12838356.621716,    13552.337232
13.70,    12851713.737078,    13357.115363
13.80,    12865217.611574,    13503.874496
13.90,    12878840.402255,    13622.790681
14.00,    12892652.193510,    13811.791256
14.10,    12906213.687293,    13561.493782
14.20,    12920043.452987,    13829.765694
14.30,    12933941.054883,    13897.601896
14.40,    12947607.626639,    13666.571757
14.50,    12961227.632126,    13620.005487
14.60,    12974996.051518,    13768.419392
14.70,    12988587.200949,    13591.149431
14.80,    13001934.549564,    13347.348616
14.90,    13015217.258493,    13282.708929
15.00,    13028334.967338,    13117.708845
15.10,    13041247.022455,    12912.055117
15.20,    13053936.188050,    12689.165595
15.30,    13066422.322154,    12486.134104
15.40,    13078581.624625,    12159.302471
15.50,    13090373.568028,    11791.943403
15.60,    13101989.794259,    11616.226232
15.70,    13113359.240038,    11369.445778
15.80,    13124316.543844,    10957.303806
15.90,    13134945.010034,    10628.466190
16.00,    13145447.243543,    10502.233509
16.10,    13155764.665049,    10317.421506
16.20,    13165993.469504,    10228.804455
16.30,    13176042.939176,    10049.469672
16.40,    13186232.229571,    10189.290396
16.50,    13196384.422709,    10152.193138
16.60,    35193147.572585,    9944.173051
16.70,    35202896.139511,    9748.566925
16.80,    35212444.039524,    9547.900014
16.90,    35221746.078347,    9302.038823
17.00,    35230395.083829,    8649.005482
17.10,    35238898.279188,    8503.195360
17.20,    35247390.640566,    8492.361377
17.30,    35255591.100648,    8200.460082
17.40,    35263859.107388,    8268.006741
17.50,    35271917.884033,    8058.776645
17.60,    35279357.980078,    7440.096045
17.70,    35286415.418384,    7057.438306
17.80,    35293115.354220,    6699.935836
17.90,    35299599.420160,    6484.065940
18.00,    35305798.407981,    6198.987821
18.10,    35311750.232211,    5951.824230
18.20,    35317483.561643,    5733.329432
18.30,    35323226.525379,    5742.963736
18.40,    35328818.704105,    5592.178726
18.50,    35334381.532859,    5562.828754
18.60,    35340206.783773,    5825.250914
18.70,    35346210.017031,    6003.233258
18.80,    35352375.595836,    6165.578805
18.90,    35358755.108244,    6379.512408
19.00,    35365398.763723,    6643.655479
19.10,    35371822.731176,    6423.967453
19.20,    35378226.545066,    6403.813890
19.30,    35385472.415613,    7245.870547
19.40,    35392505.944002,    7033.528389
19.50,    35399167.339325,    6661.395323
19.60,    35405638.523976,    6471.184651
19.70,    35412083.533186,    6445.009211
19.80,    35418218.389155,    6134.855969
19.90,    35424720.126802,    6501.737647
20.00,    35431423.471247,    6703.344445
20.10,    35437506.055721,    6082.584474
20.20,    35443276.104054,    5770.048332
20.30,    35449377.400758,    6101.296705
20.40,    35455634.922395,    6257.521636
20.50,    35461482.980800,    5848.058406
20.60,    35467445.706183,    5962.725383
20.70,    35473705.311939,    6259.605756
20.80,    35480304.632006,    6599.320066
20.90,    35487589.805974,    7285.173968
21.00,    35495784.372591,    8194.566617
21.10,    35504702.995260,    8918.622669
21.20,    35513480.889923,    8777.894663
21.30,    35522824.906063,    9344.016140
21.40,    35532625.952475,    9801.046412
21.50,    35542259.523186,    9633.570711
21.60,    35551648.123103,    9388.599916
21.70,    35560864.670691,    9216.547588
21.80,    35570611.832349,    9747.161658
21.90,    35580552.806913,    9940.974564
22.00,    35590804.866582,    10252.059669
22.10,    35600912.305643,    10107.439061
22.20,    35610890.955807,    9978.650164
22.30,    35621006.511679,    10115.555872
22.40,    35630516.452827,    9509.941148
22.50,    35639544.788735,    9028.335907
22.60,    35647876.722579,    8331.933845
22.70,    35655215.160825,    7338.438246
22.80,    35662350.480159,    7135.319334
22.90,    35669520.648818,    7170.168658
23.00,    35676586.578221,    7065.929403
23.10,    35683519.506952,    6932.928731
23.20,    35690845.161025,    7325.654073
23.30,    35698153.152943,    7307.991917
23.40,    35705505.293906,    7352.140963
23.50,    35713164.218211,    7658.924306
23.60,    35720689.014158,    7524.795947
23.70,    35728230.274725,    7541.260567
23.80,    35735958.128184,    7727.853458
23.90,    35743880.925768,    7922.797584
24.00,    35752060.860481,    8179.934713
24.10,    35760350.185423,    8289.324941
24.20,    35768818.263249,    8468.077826
24.30,    35777203.780827,    8385.517578
24.40,    35785759.869972,    8556.089145
24.50,    35794220.608374,    8460.738402
24.60,    35802649.815115,    8429.206741
24.70,    35810649.233522,    7999.418408
24.80,    35818617.461082,    7968.227560
24.90,    35826864.331796,    8246.870714
25.00,    35835148.202684,    8283.870888
25.10,    35843275.912640,    8127.709956
25.20,    35851656.014234,    8380.101593
25.30,    35859998.480101,    8342.465868
25.40,    35868364.381940,    8365.901839
25.50,    35876813.070111,    8448.688171
25.60,    35885504.136003,    8691.065892
25.70,    35894272.052196,    8767.916193
25.80,    35902997.338087,    8725.285891
25.90,    35911913.047257,    8915.709170
26.00,    35920851.669742,    8938.622485
26.10,    35929795.611439,    8943.941697
26.20,    35938764.213150,    8968.601711
26.30,    35947833.138301,    9068.925151
26.40,    35956915.406898,    9082.268597
26.50,    35966012.263131,    9096.856233
26.60,    35974904.032777,    8891.769645
26.70,    35983922.415010,    9018.382234
26.80,    35993111.605848,    9189.190838
26.90,    36002453.226025,    9341.620177
27.00,    36012370.076931,    9916.850907
27.10,    36022063.843418,    9693.766487
27.20,    36031583.452257,    9519.608839
27.30,    36041146.842017,    9563.389760
27.40,    36050237.381941,    9090.539924
27.50,    36059634.955330,    9397.573389
27.60,    36069164.685356,    9529.730025
27.70,    36078391.588792,    9226.903436
27.80,    36087514.558821,    9122.970030
27.90,    36097140.841821,    9626.283000
28.00,    36106262.957252,    9122.115430
28.10,    36115294.416304,    9031.459052
28.20,    36124493.035922,    9198.619619
28.30,    36133801.770170,    9308.734247
28.40,    36143273.091957,    9471.321787
28.50,    36152919.415052,    9646.323095
28.60,    36162439.789686,    9520.374634
28.70,    36172032.045115,    9592.255429
28.80,    36181144.066226,    9112.021111
28.90,    36190258.555273,    9114.489047
29.00,    36199086.618711,    8828.063438
29.10,    36208184.380055,    9097.761345
29.20,    36217117.915344,    8933.535288
29.30,    36225971.258574,    8853.343230
29.40,    36234785.963147,    8814.704574
29.50,    36243441.640814,    8655.677666
29.60,    36251778.788191,    8337.147377
29.70,    36259917.868324,    8139.080133
29.80,    36268354.975518,    8437.107194
29.90,    36276385.541967,    8030.566449
30.00,    36284649.814146,    8264.272179
30.10,    36293010.515662,    8360.701516
30.20,    36301697.544816,    8687.029154
30.30,    36309880.600952,    8183.056136
30.40,    36317882.594755,    8001.993804
30.50,    36326117.348575,    8234.753819
30.60,    36334646.957160,    8529.608585
30.70,    36343090.263104,    8443.305944
30.80,    36351967.477639,    8877.214535
30.90,    36360370.885604,    8403.407965
31.00,    36367998.935193,    7628.049589
31.10,    36375343.791562,    7344.856369
31.20,    36382900.387157,    7556.595595
31.30,    36390452.831583,    7552.444426
31.40,    36398462.839648,    8010.008064
31.50,    36406610.380466,    8147.540818
31.60,    36415341.899220,    8731.518754
31.70,    36424483.496902,    9141.597683
31.80,    36434348.746303,    9865.249401
31.90,    36445184.539878,    10835.793575
32.00,    36456973.594222,    11789.054344
32.10,    36468857.718123,    11884.123901
32.20,    36480355.569654,    11497.851531
32.30,    36490767.682988,    10412.113334
32.40,    36500920.638175,    10152.955187
32.50,    36511026.508773,    10105.870598
32.60,    36520874.598995,    9848.090222
32.70,    36530617.921913,    9743.322918
32.80,    36540053.506060,    9435.584148
32.90,    36548589.735637,    8536.229577
33.00,    36557127.477903,    8537.742265
33.10,    36565312.770636,    8185.292734
33.20,    36573818.958517,    8506.187881
33.30,    36582503.008984,    8684.050467
33.40,    36591588.051259,    9085.042275
33.50,    36601075.336142,    9487.284883
33.60,    36610902.582631,    9827.246489
33.70,    36620354.193379,    9451.610748
33.80,    36630043.730397,    9689.537018
33.90,    36639475.023646,    9431.293249
34.00,    36648818.837691,    9343.814045
34.10,    36657630.604952,    8811.767261
34.20,    36665905.969053,    8275.364101
34.30,    36674297.867141,    8391.898088
34.40,    36682302.373126,    8004.505985
34.50,    36690144.044611,    7841.671485
34.60,    36697417.483109,    7273.438498
34.70,    36704837.026350,    7419.543241
34.80,    36712385.666209,    7548.639860
34.90,    36719901.817573,    7516.151364
35.00,    36727044.900480,    7143.082907
35.10,    36734379.957623,    7335.057143
35.20,    36741646.764887,    7266.807263
35.30,    36748919.561143,    7272.796256
35.40,    36756167.661814,    7248.100670
35.50,    36763643.986054,    7476.324240
35.60,    36771221.138388,    7577.152334
35.70,    36778973.186070,    7752.047681
35.80,    36786851.559826,    7878.373756
35.90,    36794878.373408,    8026.813582
36.00,    36802737.814769,    7859.441361
36.10,    36810436.162235,    7698.347466
36.20,    36818232.103237,    7795.941002
36.30,    36825780.794752,    7548.691514
36.40,    36833413.078728,    7632.283976
36.50,    36840954.447022,    7541.368295
36.60,    36848372.265733,    7417.818710
36.70,    36855616.081182,    7243.815449
36.80,    36862787.091248,    7171.010067
36.90,    36869727.471258,    6940.380010
37.00,    36876774.805729,    7047.334471
37.10,    36883558.716105,    6783.910376
37.20,    36890461.169342,    6902.453237
37.30,    36897317.502555,    6856.333212
37.40,    36904185.095266,    6867.592711
37.50,    36911091.657958,    6906.562692
37.60,    36918070.082227,    6978.424270
37.70,    36925113.457698,    7043.375471
37.80,    36932186.144311,    7072.686613
37.90,    36939210.472341,    7024.328030
38.00,    36946366.569016,    7156.096676
38.10,    36953641.247013,    7274.677997
38.20,    36961046.003128,    7404.756114
38.30,    36968540.447678,    7494.444550
38.40,    36976099.319144,    7558.871466
38.50,    36983688.273800,    7588.954657
38.60,    36991204.175319,    7515.901519
38.70,    36998829.017256,    7624.841937
38.80,    37006328.894746,    7499.877490
38.90,    37013919.022477,    7590.127731
39.00,    37021620.515695,    7701.493218
39.10,    37029530.473185,    7909.957490
39.20,    37037485.936802,    7955.463617
39.30,    37045491.464207,    8005.527405
39.40,    37053464.588587,    7973.124380
39.50,    37061629.573200,    8164.984613
39.60,    37069911.324751,    8281.751552
39.70,    37078478.864493,    8567.539742
39.80,    37087100.513979,    8621.649485
39.90,    37095928.063334,    8827.549355
40.00,    37105018.987647,    9090.924313
40.10,    37113849.207886,    8830.220239
40.20,    37122540.142525,    8690.934640
40.30,    37131466.926086,    8926.783561
40.40,    37140480.580153,    9013.654067
40.50,    37149793.629786,    9313.049633
40.60,    37159230.635449,    9437.005663
40.70,    37168550.838496,    9320.203047
40.80,    37177916.334006,    9365.495510
40.90,    37187428.050064,    9511.716057
41.00,    37196795.973980,    9367.923916
41.10,    37205769.181376,    8973.207396
41.20,    37214963.221190,    9194.039814
41.30,    37224445.340857,    9482.119667
41.40,    37234318.954895,    9873.614038
41.50,    37244246.905962,    9927.951067
41.60,    37254104.564314,    9857.658353
41.70,    37263491.006448,    9386.442133
41.80,    37273146.036172,    9655.029724
41.90,    37282790.422124,    9644.385953
42.00,    37292504.108135,    9713.686011
42.10,    37302023.406673,    9519.298538
42.20,    37311536.584365,    9513.177692
42.30,    37321263.730907,    9727.146542
42.40,    37330635.408909,    9371.678002
42.50,    37339985.356517,    9349.947608
42.60,    37349233.824284,    9248.467767
42.70,    37358223.156545,    8989.332262
42.80,    37367169.883388,    8946.726842
42.90,    37376387.495978,    9217.612590
43.00,    37385388.485977,    9000.989999
43.10,    37394343.288270,    8954.802293
43.20,    37403069.090078,    8725.801808
43.30,    37411515.409293,    8446.319215
43.40,    37419767.029657,    8251.620364
43.50,    37427743.306533,    7976.276876
43.60,    37435474.011114,    7730.704581
43.70,    37443184.258679,    7710.247564
43.80,    37450904.480724,    7720.222046
43.90,    37458522.754324,    7618.273600
44.00,    37465838.618891,    7315.864566
44.10,    37473112.623130,    7274.004239
44.20,    37480205.362745,    7092.739616
44.30,    37487034.581949,    6829.219204
44.40,    37494176.426912,    7141.844963
44.50,    37500828.657357,    6652.230445
44.60,    37507574.515099,    6745.857742
44.70,    37514365.143098,    6790.627999
44.80,    37520961.730823,    6596.587724
44.90,    37527312.012472,    6350.281649
45.00,    37533828.163257,    6516.150785
45.10,    37540435.570892,    6607.407635
45.20,    37546935.004597,    6499.433706
45.30,    37553462.993700,    6527.989103
45.40,    37559689.780880,    6226.787179
45.50,    37566325.717774,    6635.936895
45.60,    37573317.503604,    6991.785829
45.70,    37580003.162016,    6685.658413
45.80,    37586334.867952,    6331.705936
45.90,    37592348.476857,    6013.608905
46.00,    37598209.387106,    5860.910248
46.10,    37604083.882965,    5874.495859
46.20,    37609817.639952,    5733.756988
46.30,    37615533.977604,    5716.337652
46.40,    37620839.586985,    5305.609381
46.50,    37625718.059829,    4878.472844
46.60,    37630171.130059,    4453.070229
46.70,    37634341.457794,    4170.327736
46.80,    37638195.390694,    3853.932899
46.90,    37641777.363288,    3581.972594
47.00,    37644942.190839,    3164.827552
47.10,    37647439.892445,    2497.701606
47.20,    37649630.986736,    2191.094291
47.30,    37651329.011695,    1698.024959
47.40,    37652847.695696,    1518.684001
47.50,    37654135.151345,    1287.455649
47.60,    37655285.308785,    1150.157441
47.70,    37656294.413968,    1009.105182
47.80,    37657196.101104,    901.687137
47.90,    37658070.524641,    874.423537
48.00,    37658823.346360,    752.821719
48.10,    37659497.298833,    673.952473
48.20,    37660135.139232,    637.840399
48.30,    37660682.677150,    547.537918
48.40,    37661171.804995,    489.127845
48.50,    37661644.287852,    472.482857
48.60,    37662097.756056,    453.468204
48.70,    37662510.025414,    412.269358
48.80,    37662926.801181,    416.775767
48.90,    37663280.097642,    353.296461
49.00,    37663625.838918,    345.741275
49.10,    37663946.107868,    320.268950
49.20,    37664247.573443,    301.465575
49.30,    37664536.147271,    288.573828
49.40,    37664784.200437,    248.053166
49.50,    37665038.370586,    254.170149
49.60,    37665260.246320,    221.875734
49.70,    37665448.587437,    188.341117
49.80,    37665603.119213,    154.531775
49.90,    37665754.319629,    151.200416
50.00,    37665914.680975,    160.361346
50.10,    37666059.870417,    145.189442
50.20,    37666219.874441,    160.004025
50.30,    37666382.601739,    162.727298
50.40,    37666491.443344,    108.841605
50.50,    37666599.215373,    107.772029
50.60,    37666720.125957,    120.910584
50.70,    37666827.288502,    107.162545
50.80,    37666929.219646,    101.931144
50.90,    37667023.071184,    93.851538
51.00,    37667160.527932,    137.456748
51.10,    37667263.914401,    103.386469
51.20,    37667365.071434,    101.157034
51.30,    37667471.232232,    106.160798
51.40,    37667565.186114,    93.953882
51.50,    37667677.833014,    112.646900
51.60,    37667771.759726,    93.926713
51.70,    37667852.865659,    81.105933
51.80,    37667963.302693,    110.437034
51.90,    37668036.453943,    73.151250
52.00,    37668128.511830,    92.057887
52.10,    37668196.220162,    67.708332
52.20,    37668261.262266,    65.042104
52.30,    37668340.035620,    78.773354
52.40,    37668413.901445,    73.865825
52.50,    37668478.333060,    64.431615
52.60,    37668542.186528,    63.853468
52.70,    37668619.617476,    77.430948
52.80,    37668691.827938,    72.210462
52.90,    37668773.757513,    81.929576
53.00,    37668850.200483,    76.442970
53.10,    37668917.211807,    67.011324
53.20,    37668989.411619,    72.199812
53.30,    37669046.868244,    57.456625
53.40,    37669122.439944,    75.571701
53.50,    37669195.288613,    72.848668
53.60,    37669277.055422,    81.766809
53.70,    37669348.981264,    71.925842
53.80,    37669431.409250,    82.427986
53.90,    37669501.228368,    69.819118
54.00,    37669551.706052,    50.477684
54.10,    37669647.498622,    95.792570
54.20,    37669732.265402,    84.766780
54.30,    37669799.555882,    67.290481
54.40,    37669863.705429,    64.149546
54.50,    37669949.545835,    85.840407
54.60,    37670036.445314,    86.899479
54.70,    37670113.650795,    77.205480
54.80,    37670167.257124,    53.606330
54.90,    37670207.946594,    40.689470
55.00,    37670285.023893,    77.077298
55.10,    37670361.647187,    76.623295
55.20,    37670440.901991,    79.254804
55.30,    37670502.252783,    61.350792
55.40,    37670578.380368,    76.127584
55.50,    37670654.583535,    76.203167
55.60,    37670720.627656,    66.044121
55.70,    37670774.351439,    53.723784
55.80,    37670832.962657,    58.611217
55.90,    37670885.020035,    52.057378
56.00,    37670942.449974,    57.429939
56.10,    37670999.330730,    56.880756
56.20,    37671058.169169,    58.838440
56.30,    37671116.872798,    58.703629
56.40,    37671160.193549,    43.320751
56.50,    37671209.671424,    49.477875
56.60,    37671287.997712,    78.326288
56.70,    37671346.566936,    58.569223
56.80,    37671425.553107,    78.986172
56.90,    37671484.487430,    58.934323
57.00,    37671550.074176,    65.586746
57.10,    37671618.696835,    68.622659
57.20,    37671681.177080,    62.480244
57.30,    37671735.430266,    54.253186
57.40,    37671783.609195,    48.178929
57.50,    37671840.362229,    56.753034
57.60,    37671903.736413,    63.374183
57.70,    37671971.848200,    68.111788
57.80,    37672021.884799,    50.036598
57.90,    37672069.873589,    47.988790
58.00,    37672122.171570,    52.297982
58.10,    37672177.776968,    55.605397
58.20,    37672235.263144,    57.486177
58.30,    37672287.590870,    52.327725
58.40,    37672333.625832,    46.034962
58.50,    37672384.726493,    51.100661
58.60,    37672436.831245,    52.104752
58.70,    37672494.579178,    57.747933
58.80,    37672547.560888,    52.981710
58.90,    37672593.644333,    46.083445
59.00,    37672635.587843,    41.943509
59.10,    37672685.247631,    49.659788
59.20,    37672739.549952,    54.302321
59.30,    37672781.435942,    41.885990
59.40,    37672826.871344,    45.435401
59.50,    37672873.125877,    46.254533
59.60,    37672924.423316,    51.297439
59.70,    37672988.229261,    63.805944
59.80,    37673044.075183,    55.845923
59.90,    37673090.949728,    46.874545
60.00,    37673132.427663,    41.477935
60.10,    37673182.117319,    49.689656
60.20,    37673224.331242,    42.213923
60.30,    37673280.621356,    56.290114
60.40,    37673333.591590,    52.970234
60.50,    37673377.773936,    44.182346
60.60,    37673425.321434,    47.547499
60.70,    37673468.811466,    43.490032
60.80,    37673503.391385,    34.579919
60.90,    37673549.626750,    46.235365
61.00,    37673598.502113,    48.875363
61.10,    37673640.163908,    41.661796
61.20,    37673683.092218,    42.928310
61.30,    37673721.814085,    38.721867
61.40,    37673761.167042,    39.352957
61.50,    37673806.995092,    45.828050
61.60,    37673867.893908,    60.898816
61.70,    37673923.779448,    55.885540
61.80,    37673975.592381,    51.812934
61.90,    37674018.599028,    43.006647
62.00,    37674054.199185,    35.600157
62.10,    37674102.561601,    48.362416
62.20,    37674141.827195,    39.265594
62.30,    37674168.188663,    26.361468
62.40,    37674207.762580,    39.573917
62.50,    37674248.367086,    40.604505
62.60,    37674291.235348,    42.868262
62.70,    37674324.724666,    33.489319
62.80,    37674365.911403,    41.186736
62.90,    37674406.450506,    40.539103
63.00,    37674454.819201,    48.368695
63.10,    37674499.219926,    44.400725
63.20,    37674548.053504,    48.833578
63.30,    37674585.470173,    37.416668
63.40,    37674614.509883,    29.039710
63.50,    37674642.484753,    27.974870
63.60,    37674679.006031,    36.521277
63.70,    37674711.786802,    32.780771
63.80,    37674751.039375,    39.252573
63.90,    37674781.279069,    30.239694
64.00,    37674816.544532,    35.265464
64.10,    37674856.508879,    39.964347
64.20,    37674891.675247,    35.166368
64.30,    37674930.387986,    38.712739
64.40,    37674970.041706,    39.653720
64.50,    37675008.734738,    38.693032
64.60,    37675041.620785,    32.886047
64.70,    37675067.714697,    26.093912
64.80,    37675101.046995,    33.332298
64.90,    37675131.402272,    30.355278
65.00,    37675155.704270,    24.301998
65.10,    37675182.764859,    27.060589
65.20,    37675202.596410,    19.831551
65.30,    37675228.375521,    25.779111
65.40,    37675252.939243,    24.563723
65.50,    37675275.044956,    22.105713
65.60,    37675302.182551,    27.137595
65.70,    37675329.713781,    27.531230
65.80,    37675355.575243,    25.861462
65.90,    37675384.080033,    28.504791
66.00,    37675407.772797,    23.692764
66.10,    37675433.112954,    25.340157
66.20,    37675460.177198,    27.064244
66.30,    37675486.167568,    25.990370
66.40,    37675514.706730,    28.539162
66.50,    37675544.915746,    30.209016
66.60,    37675576.311325,    31.395579
66.70,    37675603.122964,    26.811639
66.80,    37675634.013430,    30.890466
66.90,    37675670.034409,    36.020978
67.00,    37675705.454051,    35.419643
67.10,    37675739.596306,    34.142254
67.20,    37675769.104114,    29.507808
67.30,    37675793.123634,    24.019520
67.40,    37675829.784390,    36.660756
67.50,    37675864.625312,    34.840922
67.60,    37675890.351142,    25.725830
67.70,    37675915.787788,    25.436645
67.80,    37675940.717904,    24.930117
67.90,    37675970.936846,    30.218942
68.00,    37676008.792466,    37.855620
68.10,    37676036.199498,    27.407032
68.20,    37676062.404586,    26.205087
68.30,    37676092.641209,    30.236624
68.40,    37676127.626690,    34.985481
68.50,    37676168.576010,    40.949320
68.60,    37676205.472255,    36.896245
68.70,    37676242.308932,    36.836676
68.80,    37676273.396754,    31.087822
68.90,    37676297.321960,    23.925206
69.00,    37676336.005551,    38.683591
69.10,    37676373.056669,    37.051118
69.20,    37676409.098565,    36.041896
69.30,    37676428.768119,    19.669554
69.40,    37676451.401575,    22.633456
69.50,    37676471.242427,    19.840852
69.60,    37676496.228596,    24.986168
69.70,    37676522.238294,    26.009698
69.80,    37676546.045751,    23.807457
69.90,    37676580.393315,    34.347564
70.00,    37676606.919230,    26.525915
70.10,    37676631.494045,    24.574815
70.20,    37676663.193163,    31.699118
70.30,    37676695.141625,    31.948461
70.40,    37676722.907181,    27.765556
70.50,    37676743.097998,    20.190817
70.60,    37676763.036520,    19.938522
70.70,    37676785.020158,    21.983638
70.80,    37676801.522342,    16.502184
70.90,    37676830.531337,    29.008995
71.00,    37676857.606439,    27.075103
71.10,    37676883.828404,    26.221965
71.20,    37676905.301379,    21.472975
71.30,    37676928.023957,    22.722577
71.40,    37676946.887574,    18.863617
71.50,    37676970.575499,    23.687925
71.60,    37676988.588059,    18.012560
71.70,    37677003.609659,    15.021600
71.80,    37677016.636269,    13.026609
71.90,    37677033.989745,    17.353477
72.00,    37677048.256325,    14.266580
72.10,    37677060.074616,    11.818290
72.20,    37677076.389330,    16.314715
72.30,    37677090.265902,    13.876572
72.40,    37677105.944882,    15.678980
72.50,    37677123.114984,    17.170102
72.60,    37677137.931533,    14.816549
72.70,    37677154.516313,    16.584780
72.80,    37677178.083968,    23.567655
72.90,    37677196.505244,    18.421276
73.00,    37677209.180386,    12.675142
73.10,    37677228.299642,    19.119255
73.20,    37677240.422439,    12.122797
73.30,    37677252.459617,    12.037178
73.40,    37677265.627410,    13.167793
73.50,    37677281.739814,    16.112404
73.60,    37677293.260696,    11.520882
73.70,    37677306.118988,    12.858291
73.80,    37677316.050547,    9.931559
73.90,    37677329.545964,    13.495417
74.00,    37677342.339391,    12.793427
74.10,    37677358.817053,    16.477662
74.20,    37677380.530441,    21.713388
74.30,    37677404.523318,    23.992877
74.40,    37677421.904037,    17.380719
74.50,    37677440.584868,    18.680831
74.60,    37677466.334285,    25.749417
74.70,    37677499.058543,    32.724258
74.80,    37677526.945519,    27.886975
74.90,    37677541.841100,    14.895581
75.00,    37677559.947925,    18.106825
75.10,    37677583.917279,    23.969354
75.20,    37677602.472311,    18.555032
75.30,    37677625.459326,    22.987015
75.40,    37677652.065250,    26.605924
75.50,    37677676.431564,    24.366315
75.60,    37677699.513909,    23.082345
75.70,    37677724.428439,    24.914530
75.80,    37677744.237547,    19.809108
75.90,    37677768.555711,    24.318163
76.00,    37677791.774209,    23.218499
76.10,    37677808.200261,    16.426052
76.20,    37677839.255931,    31.055670
76.30,    37677857.964381,    18.708450
76.40,    37677875.180572,    17.216191
76.50,    37677894.872750,    19.692178
76.60,    37677914.455404,    19.582654
76.70,    37677939.841238,    25.385834
76.80,    37677962.391922,    22.550684
76.90,    37677984.750492,    22.358570
77.00,    37678009.547455,    24.796962
77.10,    37678030.390420,    20.842966
77.20,    37678044.276938,    13.886518
77.30,    37678056.054895,    11.777957
77.40,    37678078.199893,    22.144999
77.50,    37678095.551645,    17.351752
77.60,    37678113.088413,    17.536767
77.70,    37678126.694542,    13.606129
77.80,    37678139.218153,    12.523611
77.90,    37678155.676172,    16.458019
78.00,    37678169.951926,    14.275753
78.10,    37678182.616387,    12.664461
78.20,    37678191.471038,    8.854651
78.30,    37678199.128328,    7.657291
78.40,    37678210.309891,    11.181563
78.50,    37678217.840066,    7.530175
78.60,    37678225.829533,    7.989467
78.70,    37678232.649737,    6.820203
78.80,    37678240.029564,    7.379827
78.90,    37678247.728840,    7.699277
79.00,    37678255.709860,    7.981020
79.10,    37678265.152238,    9.442378
79.20,    37678274.763128,    9.610890
79.30,    37678280.710541,    5.947413
79.40,    37678287.186880,    6.476338
79.50,    37678297.145999,    9.959120
79.60,    37678315.368218,    18.222219
79.70,    37678326.850758,    11.482540
79.80,    37678332.249276,    5.398518
79.90,    37678341.219878,    8.970602
80.00,    37678351.391882,    10.172004
80.10,    37678361.431235,    10.039354
80.20,    37678370.562485,    9.131250
80.30,    37678374.684083,    4.121598
80.40,    37678381.703531,    7.019448
80.50,    37678386.982275,    5.278744
80.60,    37678398.714135,    11.731859
80.70,    37678411.579346,    12.865212
80.80,    37678427.786351,    16.207005
80.90,    37678434.872457,    7.086106
81.00,    37678446.394364,    11.521907
81.10,    37678456.621221,    10.226857
81.20,    37678466.772368,    10.151147
81.30,    37678477.929513,    11.157146
81.40,    37678484.876481,    6.946968
81.50,    37678494.278899,    9.402418
81.60,    37678510.674509,    16.395610
81.70,    37678524.443249,    13.768740
81.80,    37678533.617502,    9.174253
81.90,    37678544.784940,    11.167438
82.00,    37678562.218959,    17.434019
82.10,    37678568.819838,    6.600880
82.20,    37678573.839420,    5.019581
82.30,    37678586.887222,    13.047802
82.40,    37678597.121979,    10.234757
82.50,    37678613.175457,    16.053479
82.60,    37678624.774135,    11.598678
82.70,    37678638.577238,    13.803103
82.80,    37678654.413932,    15.836694
82.90,    37678670.967010,    16.553077
83.00,    37678683.158560,    12.191550
83.10,    37678696.556927,    13.398367
83.20,    37678706.382722,    9.825795
83.30,    37678718.003077,    11.620355
83.40,    37678729.732145,    11.729068
83.50,    37678741.426551,    11.694406
83.60,    37678751.882528,    10.455977
83.70,    37678762.453968,    10.571440
83.80,    37678774.777150,    12.323182
83.90,    37678788.100126,    13.322975
84.00,    37678800.312914,    12.212788
84.10,    37678805.517975,    5.205062
84.20,    37678813.440186,    7.922211
84.30,    37678823.348544,    9.908357
84.40,    37678832.711247,    9.362704
84.50,    37678841.993086,    9.281839
84.60,    37678850.120905,    8.127819
84.70,    37678861.147285,    11.026380
84.80,    37678870.088311,    8.941025
84.90,    37678879.185359,    9.097048
85.00,    37678887.744831,    8.559473
85.10,    37678900.703627,    12.958796
85.20,    37678914.111672,    13.408045
85.30,    37678926.137034,    12.025362
85.40,    37678936.354188,    10.217153
85.50,    37678945.366614,    9.012427
85.60,    37678955.368258,    10.001644
85.70,    37678964.907371,    9.539113
85.80,    37678975.628905,    10.721534
85.90,    37678985.377711,    9.748806
86.00,    37678997.206209,    11.828498
86.10,    37679005.868860,    8.662651
86.20,    37679016.214036,    10.345176
86.30,    37679029.744079,    13.530043
86.40,    37679044.212829,    14.468750
86.50,    37679059.765089,    15.552260
86.60,    37679075.551337,    15.786248
86.70,    37679089.282579,    13.731242
86.80,    37679106.271491,    16.988912
86.90,    37679119.412773,    13.141282
87.00,    37679132.685130,    13.272357
87.10,    37679142.007991,    9.322861
87.20,    37679151.306780,    9.298789
87.30,    37679156.558618,    5.251837
87.40,    37679161.951775,    5.393158
87.50,    37679167.570017,    5.618241
87.60,    37679175.637541,    8.067524
87.70,    37679181.379253,    5.741712
87.80,    37679185.665151,    4.285898
87.90,    37679192.010707,    6.345556
88.00,    37679198.468844,    6.458137
88.10,    37679201.784704,    3.315861
88.20,    37679206.056341,    4.271637
88.30,    37679209.587852,    3.531511
88.40,    37679215.188668,    5.600816
88.50,    37679220.404393,    5.215725
88.60,    37679226.567955,    6.163561
88.70,    37679228.687834,    2.119880
88.80,    37679230.482874,    1.795040
88.90,    37679234.503056,    4.020181
89.00,    37679234.991346,    0.488291
89.10,    37679237.024791,    2.033444
89.20,    37679239.295044,    2.270253
89.30,    37679241.134082,    1.839039
89.40,    37679243.642306,    2.508223
89.50,    37679246.187085,    2.544780
89.60,    37679248.646389,    2.459303
89.70,    37679251.503120,    2.856731
89.80,    37679255.604719,    4.101599
89.90,    37679263.303353,    7.698633
90.00,    37679266.364972,    3.061620
90.10,    37679270.817479,    4.452507
90.20,    37679275.364310,    4.546831
90.30,    37679279.806369,    4.442060
90.40,    37679288.144326,    8.337957
90.50,    37679293.260398,    5.116072
90.60,    37679297.982715,    4.722317
90.70,    37679302.715199,    4.732485
90.80,    37679307.271259,    4.556060
90.90,    37679311.231329,    3.960070
91.00,    37679314.246792,    3.015463
91.10,    37679317.577435,    3.330642
91.20,    37679320.231504,    2.654070
91.30,    37679324.665699,    4.434194
91.40,    37679327.380422,    2.714724
91.50,    37679329.193419,    1.812996
91.60,    37679331.919484,    2.726065
91.70,    37679339.377857,    7.458373
91.80,    37679343.860368,    4.482511
91.90,    37679348.791727,    4.931359
92.00,    37679353.713519,    4.921792
92.10,    37679359.857243,    6.143724
92.20,    37679366.897261,    7.040018
92.30,    37679372.984038,    6.086777
92.40,    37679377.364247,    4.380209
92.50,    37679383.269741,    5.905494
92.60,    37679389.979720,    6.709979
92.70,    37679392.068157,    2.088437
92.80,    37679394.239545,    2.171388
92.90,    37679397.831853,    3.592308
93.00,    37679403.776620,    5.944768
93.10,    37679407.505892,    3.729272
93.20,    37679412.566279,    5.060388
93.30,    37679414.179333,    1.613053
93.40,    37679417.242326,    3.062993
93.50,    37679421.686722,    4.444396
93.60,    37679423.998921,    2.312199
93.70,    37679426.161096,    2.162174
93.80,    37679429.081518,    2.920423
93.90,    37679432.052439,    2.970921
94.00,    37679434.993055,    2.940616
94.10,    37679436.473375,    1.480320
94.20,    37679437.919966,    1.446590
94.30,    37679439.509672,    1.589707
94.40,    37679439.845471,    0.335798
94.50,    37679441.459180,    1.613710
94.60,    37679443.736403,    2.277222
94.70,    37679443.736403,    0.000000
94.80,    37679446.659843,    2.923441
94.90,    37679449.693799,    3.033955
95.00,    37679449.693799,    0.000000
95.10,    37679449.693799,    0.000000
95.20,    37679451.116160,    1.422361
95.30,    37679453.900566,    2.784406
95.40,    37679455.110380,    1.209814
95.50,    37679456.623973,    1.513593
95.60,    37679458.140805,    1.516832
95.70,    37679460.433931,    2.293126
95.80,    37679463.324293,    2.890362
95.90,    37679465.487212,    2.162919
96.00,    37679469.261732,    3.774520
96.10,    37679473.306188,    4.044456
96.20,    37679476.579826,    3.273638
96.30,    37679478.241312,    1.661486
96.40,    37679482.934541,    4.693228
96.50,    37679490.048348,    7.113807
96.60,    37679491.982461,    1.934113
96.70,    37679493.487531,    1.505070
96.80,    37679494.953900,    1.466368
96.90,    37679496.319317,    1.365417
97.00,    37679497.546027,    1.226710
97.10,    37679500.417824,    2.871797
97.20,    37679500.417824,    0.000000
97.30,    37679502.240258,    1.822433
97.40,    37679502.240258,    0.000000
97.50,    37679502.240258,    0.000000
97.60,    37679502.240258,    0.000000
97.70,    37679502.240258,    0.000000
97.80,    37679502.240258,    0.000000
97.90,    37679502.240258,    0.000000
98.00,    37679503.582602,    1.342345
98.10,    37679503.582602,    0.000000
98.20,    37679503.582602,    0.000000
98.30,    37679503.582602,    0.000000
98.40,    37679506.897547,    3.314945
98.50,    37679507.044807,    0.147260
98.60,    37679507.193703,    0.148895
98.70,    37679507.343828,    0.150125
98.80,    37679507.494945,    0.151118
98.90,    37679508.857197,    1.362252
99.00,    37679509.010444,    0.153247
99.10,    37679509.165305,    0.154861
99.20,    37679509.322352,    0.157046
99.30,    37679512.397185,    3.074834
99.40,    37679514.175355,    1.778169
99.50,    37679515.776599,    1.601244
99.60,    37679518.946639,    3.170040
99.70,    37679522.204247,    3.257609
99.80,    37679525.463445,    3.259198
99.90,    37679528.550891,    3.087446
100.00,    37679533.140590,    4.589699
100.10,    37679536.116573,    2.975982
100.20,    37679539.385074,    3.268501
100.30,    37679542.253066,    2.867992
100.40,    37679544.417132,    2.164067
100.50,    37679546.543287,    2.126154
100.60,    37679550.972332,    4.429045
100.70,    37679555.433610,    4.461278
100.80,    37679556.962803,    1.529193
100.90,    37679558.639972,    1.677169
101.00,    37679561.817345,    3.177373
101.10,    37679561.817345,    0.000000
101.20,    37679561.925738,    0.108393
101.30,    37679563.748515,    1.822777
101.40,    37679563.852459,    0.103944
101.50,    37679564.777492,    0.925033
101.60,    37679567.087943,    2.310451
101.70,    37679569.356673,    2.268731
101.80,    37679572.798968,    3.442294
101.90,    37679572.901821,    0.102853
102.00,    37679573.006311,    0.104490
102.10,    37679573.113026,    0.106715
102.20,    37679573.716660,    0.603634
102.30,    37679576.309405,    2.592745
102.40,    37679578.186893,    1.877489
102.50,    37679579.944519,    1.757625
102.60,    37679580.474067,    0.529549
102.70,    37679581.009827,    0.535759
102.80,    37679581.557231,    0.547404
102.90,    37679582.118388,    0.561157
103.00,    37679583.912998,    1.794610
103.10,    37679584.520866,    0.607868
103.20,    37679586.104464,    1.583597
103.30,    37679587.649962,    1.545498
103.40,    37679587.949365,    0.299403
103.50,    37679588.257353,    0.307988
103.60,    37679588.559939,    0.302586
103.70,    37679590.242181,    1.682242
103.80,    37679591.635810,    1.393629
103.90,    37679591.635810,    0.000000
104.00,    37679591.635810,    0.000000
104.10,    37679593.495569,    1.859759
104.20,    37679595.265176,    1.769607
104.30,    37679596.882619,    1.617443
104.40,    37679598.257499,    1.374880
104.50,    37679598.257499,    0.000000
104.60,    37679598.257499,    0.000000
104.70,    37679598.257499,    0.000000
104.80,    37679598.257499,    0.000000
104.90,    37679599.684351,    1.426852
105.00,    37679600.330391,    0.646040
105.10,    37679600.951643,    0.621252
105.20,    37679601.568852,    0.617210
105.30,    37679603.684948,    2.116096
105.40,    37679604.311569,    0.626621
105.50,    37679605.069285,    0.757715
105.60,    37679607.122863,    2.053579
105.70,    37679607.417498,    0.294635
105.80,    37679607.712308,    0.294810
105.90,    37679608.006355,    0.294047
106.00,    37679609.638662,    1.632307
106.10,    37679609.930710,    0.292048
106.20,    37679611.753984,    1.823274
106.30,    37679614.800046,    3.046062
106.40,    37679615.093720,    0.293674
106.50,    37679615.389862,    0.296142
106.60,    37679617.140958,    1.751096
106.70,    37679620.357246,    3.216288
106.80,    37679622.001446,    1.644200
106.90,    37679625.191541,    3.190095
107.00,    37679627.170744,    1.979203
107.10,    37679630.474381,    3.303637
107.20,    37679634.048688,    3.574308
107.30,    37679636.510525,    2.461837
107.40,    37679637.678057,    1.167532
107.50,    37679638.440051,    0.761994
107.60,    37679638.689841,    0.249789
107.70,    37679638.925002,    0.235161
107.80,    37679640.844463,    1.919461
107.90,    37679642.582426,    1.737963
108.00,    37679642.582426,    0.000000
108.10,    37679642.582426,    0.000000
108.20,    37679642.582426,    0.000000
108.30,    37679642.582426,    0.000000
108.40,    37679642.582426,    0.000000
108.50,    37679642.582426,    0.000000
108.60,    37679642.582426,    0.000000
108.70,    37679643.952681,    1.370256
108.80,    37679645.301994,    1.349313
108.90,    37679646.602705,    1.300711
109.00,    37679646.602705,    0.000000
109.10,    37679646.602705,    0.000000
109.20,    37679646.602705,    0.000000
109.30,    37679647.792918,    1.190213
109.40,    37679648.904448,    1.111530
109.50,    37679648.904448,    0.000000
109.60,    37679648.904448,    0.000000
109.70,    37679648.904448,    0.000000
109.80,    37679648.904448,    0.000000
109.90,    37679648.904448,    0.000000
110.00,    37679648.904448,    0.000000
110.10,    37679650.215680,    1.311232
110.20,    37679650.215680,    0.000000
110.30,    37679650.215680,    0.000000
110.40,    37679650.215680,    0.000000
110.50,    37679650.215680,    0.000000
110.60,    37679650.912033,    0.696353
110.70,    37679651.505220,    0.593187
110.80,    37679652.032840,    0.527620
