time, current, entrained
0.10,    21986818.976826,    0.000000
0.20,    21986818.976826,    0.000000
0.30,    21986818.976826,    0.000000
0.40,    21986818.976826,    0.000000
0.50,    21986818.976826,    0.000000
0.60,    21986818.976826,    0.000000
0.70,    21986818.976826,    0.000000
0.80,    21986818.976826,    0.000000
0.90,    21986818.976826,    0.000000
1.00,    21986818.976826,    0.000000
1.10,    21986818.976826,    0.000000
1.20,    21986818.976826,    0.000000
1.30,    21986818.976826,    0.000000
1.40,    21986818.976826,    0.000000
1.50,    21986818.976826,    0.000000
1.60,    21986818.976826,    0.000000
1.70,    21986819.157742,    0.180916
1.80,    21986819.803895,    0.646153
1.90,    21986820.933303,    1.129408
2.00,    21986822.930237,    1.996934
2.10,    21986825.947230,    3.016993
2.20,    21986832.034767,    6.087537
2.30,    21986841.974287,    9.939520
2.40,    21986861.491182,    19.516896
2.50,    21986891.240595,    29.749412
2.60,    21986933.582110,    42.341515
2.70,    21986993.091204,    59.509095
2.80,    21987084.036940,    90.945736
2.90,    21987213.022371,    128.985431
3.00,    21987380.908246,    167.885875
3.10,    21987597.426687,    216.518441
3.20,    21987861.508164,    264.081477
3.30,    21988185.436187,    323.928023
3.40,    21988577.937002,    392.500815
3.50,    21989034.538092,    456.601090
3.60,    21989571.237942,    536.699850
3.70,    21990187.581225,    616.343283
3.80,    21990890.301098,    702.719873
3.90,    21991696.710387,    806.409290
4.00,    21992590.245750,    893.535363
4.10,    21993574.527570,    984.281820
4.20,    21994663.980321,    1089.452751
4.30,    21995854.993155,    1191.012834
4.40,    21997157.483135,    1302.489980
4.50,    21998565.445453,    1407.962317
4.60,    22000092.398328,    1526.952875
4.70,    22001742.684184,    1650.285856
4.80,    22003517.496668,    1774.812484
4.90,    22005406.679856,    1889.183188
5.00,    22007409.792568,    2003.112713
5.10,    22009546.803549,    2137.010981
5.20,    22011823.877426,    2277.073876
5.30,    22014235.409582,    2411.532156
5.40,    22016774.622378,    2539.212796
5.50,    22019460.562126,    2685.939748
5.60,    22022297.048796,    2836.486670
5.70,    22025296.367330,    2999.318535
5.80,    22028419.857016,    3123.489686
5.90,    22031688.901111,    3269.044095
6.00,    22035093.213816,    3404.312705
6.10,    22038653.200538,    3559.986722
6.20,    22042379.339572,    3726.139035
6.30,    22046246.654229,    3867.314656
6.40,    22050256.988270,    4010.334042
6.50,    22054399.421297,    4142.433026
6.60,    22058708.235863,    4308.814566
6.70,    22063178.229346,    4469.993483
6.80,    22067804.703667,    4626.474321
6.90,    22072604.369612,    4799.665945
7.00,    22077538.344192,    4933.974581
7.10,    22082606.837646,    5068.493453
7.20,    22087842.145259,    5235.307614
7.30,    22093210.704391,    5368.559132
7.40,    22098773.188009,    5562.483619
7.50,    22104456.124859,    5682.936850
7.60,    22110301.617639,    5845.492780
7.70,    22116318.430825,    6016.813185
7.80,    22122477.816529,    6159.385704
7.90,    22128820.799750,    6342.983221
8.00,    22135317.756103,    6496.956354
8.10,    22141981.817639,    6664.061535
8.20,    22148807.919006,    6826.101367
8.30,    22155797.970363,    6990.051358
8.40,    22162944.184154,    7146.213791
8.50,    22170122.503068,    7178.318914
8.60,    22177411.965165,    7289.462096
8.70,    22184860.107261,    7448.142097
8.80,    22192401.390552,    7541.283291
8.90,    22200016.821160,    7615.430608
9.00,    22207805.055783,    7788.234623
9.10,    22215673.078788,    7868.023006
9.20,    22223646.279505,    7973.200717
9.30,    22231866.856020,    8220.576515
9.40,    22240105.466568,    8238.610548
9.50,    22248322.783179,    8217.316610
9.60,    22256582.047996,    8259.264817
9.70,    22264896.427323,    8314.379327
9.80,    22273155.176188,    8258.748865
9.90,    22281306.035423,    8150.859236
10.00,    22289201.231777,    7895.196354
10.10,    22296933.207034,    7731.975257
10.20,    22304641.923818,    7708.716783
10.30,    22312351.611035,    7709.687218
10.40,    22320184.763145,    7833.152110
10.50,    22328001.106590,    7816.343444
10.60,    22335697.407289,    7696.300699
10.70,    22343379.628986,    7682.221697
10.80,    22351163.859836,    7784.230850
10.90,    22358964.269155,    7800.409319
11.00,    22366769.463182,    7805.194028
11.10,    22374601.960317,    7832.497135
11.20,    22382483.150550,    7881.190232
11.30,    22390500.310090,    8017.159541
11.40,    22398623.183713,    8122.873623
11.50,    22406698.095223,    8074.911510
11.60,    22414874.962705,    8176.867482
11.70,    22423040.740922,    8165.778217
11.80,    22431222.610438,    8181.869516
11.90,    22439336.774258,    8114.163820
12.00,    22447312.766377,    7975.992119
12.10,    22455311.577685,    7998.811308
12.20,    22463247.095854,    7935.518169
12.30,    22471263.536786,    8016.440932
12.40,    22479009.053642,    7745.516856
12.50,    22486789.665720,    7780.612078
12.60,    22494371.894181,    7582.228461
12.70,    22501887.179658,    7515.285478
12.80,    22509291.617819,    7404.438160
12.90,    22516679.044997,    7387.427178
13.00,    22524043.499611,    7364.454615
13.10,    22531379.495627,    7335.996016
13.20,    22538769.735638,    7390.240011
13.30,    22546147.401541,    7377.665903
13.40,    22553424.147085,    7276.745544
13.50,    22560751.584232,    7327.437147
13.60,    22567973.886502,    7222.302270
13.70,    22575020.533853,    7046.647350
13.80,    22581933.437863,    6912.904010
13.90,    22588711.494802,    6778.056940
14.00,    22595330.818474,    6619.323672
14.10,    22601945.189888,    6614.371414
14.20,    22608424.065436,    6478.875548
14.30,    22614790.826208,    6366.760772
14.40,    22621157.820732,    6366.994524
14.50,    22627486.121256,    6328.300524
14.60,    22633931.334333,    6445.213076
14.70,    22640371.823133,    6440.488801
14.80,    22646672.784178,    6300.961045
14.90,    22652934.198342,    6261.414164
15.00,    22659274.066315,    6339.867973
15.10,    22665460.281222,    6186.214907
15.20,    22671545.644963,    6085.363741
15.30,    22677756.417085,    6210.772122
15.40,    22683831.837181,    6075.420096
15.50,    22690021.178251,    6189.341069
15.60,    22696145.590200,    6124.411949
15.70,    22702150.292561,    6004.702361
15.80,    22708080.690439,    5930.397878
15.90,    22714142.646283,    6061.955844
16.00,    22720228.225677,    6085.579394
16.10,    22726435.431086,    6207.205409
16.20,    22732657.931976,    6222.500890
16.30,    22738744.264878,    6086.332902
16.40,    22744763.568446,    6019.303569
16.50,    22750653.852526,    5890.284080
16.60,    22756530.719271,    5876.866745
16.70,    22762499.281014,    5968.561742
16.80,    22768445.675475,    5946.394462
16.90,    22774381.654050,    5935.978574
17.00,    22780225.295713,    5843.641663
17.10,    22786175.199316,    5949.903603
17.20,    22792163.073991,    5987.874675
17.30,    22798100.511393,    5937.437402
17.40,    22804034.616214,    5934.104821
17.50,    22810028.672701,    5994.056486
17.60,    22815880.473537,    5851.800837
17.70,    22821766.963634,    5886.490096
17.80,    22827543.526580,    5776.562946
17.90,    22833478.010250,    5934.483669
18.00,    22839488.664574,    6010.654325
18.10,    22845471.794850,    5983.130276
18.20,    22851567.698345,    6095.903495
18.30,    22857639.015185,    6071.316840
18.40,    22863566.424634,    5927.409449
18.50,    22869494.114741,    5927.690107
18.60,    22875356.852082,    5862.737341
18.70,    22881259.587717,    5902.735635
18.80,    22887164.849182,    5905.261464
18.90,    22893090.210251,    5925.361070
19.00,    22899142.592574,    6052.382323
19.10,    22905307.616539,    6165.023965
19.20,    22911453.361668,    6145.745129
19.30,    22917703.446342,    6250.084674
19.40,    22923965.076612,    6261.630270
19.50,    22929989.061731,    6023.985119
19.60,    22936170.468428,    6181.406697
19.70,    22942349.210708,    6178.742280
19.80,    22948687.762791,    6338.552083
19.90,    22955118.007994,    6430.245202
20.00,    22961277.866679,    6159.858685
20.10,    22967433.972370,    6156.105691
20.20,    22973598.486979,    6164.514608
20.30,    22979649.802667,    6051.315688
20.40,    22985779.686300,    6129.883633
20.50,    22991839.771068,    6060.084767
20.60,    22998011.888113,    6172.117045
20.70,    23004091.118211,    6079.230098
20.80,    23010250.095954,    6158.977743
20.90,    23016484.262334,    6234.166379
21.00,    23022802.446301,    6318.183967
21.10,    23029204.866302,    6402.420002
21.20,    23035710.951852,    6506.085549
21.30,    23042198.659778,    6487.707927
21.40,    23048806.381092,    6607.721314
21.50,    23055520.639077,    6714.257985
21.60,    23062376.139382,    6855.500306
21.70,    23069329.676903,    6953.537521
21.80,    23076353.153554,    7023.476651
21.90,    23083442.002331,    7088.848777
22.00,    23090530.274889,    7088.272558
22.10,    23097649.638641,    7119.363751
22.20,    23104777.533148,    7127.894507
22.30,    23111990.145387,    7212.612239
22.40,    23119219.939551,    7229.794164
22.50,    23126454.230418,    7234.290867
22.60,    23133680.808433,    7226.578015
22.70,    23140911.436496,    7230.628063
22.80,    23148075.051248,    7163.614752
22.90,    23155201.077784,    7126.026536
23.00,    23162388.086312,    7187.008529
23.10,    23169720.963097,    7332.876785
23.20,    23177139.104357,    7418.141260
23.30,    23184596.060059,    7456.955701
23.40,    23192195.318761,    7599.258702
23.50,    23199853.949460,    7658.630699
23.60,    23207590.158566,    7736.209106
23.70,    23215304.647378,    7714.488813
23.80,    23223126.903585,    7822.256207
23.90,    23230864.456245,    7737.552661
24.00,    23238639.307100,    7774.850855
24.10,    23246459.323257,    7820.016156
24.20,    23254356.311133,    7896.987876
24.30,    23262291.817861,    7935.506728
24.40,    23270226.949081,    7935.131221
24.50,    23278226.837625,    7999.888544
24.60,    23286284.151304,    8057.313679
24.70,    23294322.751437,    8038.600133
24.80,    23302401.804974,    8079.053537
24.90,    23310491.115419,    8089.310445
25.00,    23318563.244142,    8072.128724
25.10,    23326652.812401,    8089.568259
25.20,    23334856.297884,    8203.485483
25.30,    23343107.765780,    8251.467896
25.40,    23351423.598499,    8315.832719
25.50,    23359805.340022,    8381.741523
25.60,    23368145.471213,    8340.131191
25.70,    23376544.344609,    8398.873396
25.80,    23384939.580737,    8395.236127
25.90,    23393243.258287,    8303.677550
26.00,    23401533.673921,    8290.415635
26.10,    23409684.792389,    8151.118468
26.20,    23417847.222232,    8162.429843
26.30,    23426041.501052,    8194.278820
26.40,    23434109.993001,    8068.491949
26.50,    23441971.167199,    7861.174198
26.60,    23449729.614833,    7758.447634
26.70,    23457286.128884,    7556.514051
26.80,    23464753.773026,    7467.644142
26.90,    23472130.632565,    7376.859539
27.00,    23479305.805472,    7175.172907
27.10,    23486317.422264,    7011.616792
27.20,    23493173.736722,    6856.314458
27.30,    23499775.606167,    6601.869445
27.40,    23506205.246647,    6429.640480
27.50,    23512426.237653,    6220.991006
27.60,    23518412.944292,    5986.706638
27.70,    23524221.137096,    5808.192805
27.80,    23529841.021289,    5619.884193
27.90,    23535323.737281,    5482.715992
28.00,    23540640.372045,    5316.634764
28.10,    23545788.834745,    5148.462700
28.20,    23550655.495775,    4866.661031
28.30,    23555401.624881,    4746.129106
28.40,    23559986.588685,    4584.963805
28.50,    23564472.391873,    4485.803188
28.60,    23568773.800135,    4301.408261
28.70,    23572956.543026,    4182.742891
28.80,    23577020.954716,    4064.411690
28.90,    23580948.080674,    3927.125958
29.00,    23584694.691679,    3746.611005
29.10,    23588349.298586,    3654.606907
29.20,    23591859.377338,    3510.078752
29.30,    23595269.175643,    3409.798305
29.40,    23598589.641504,    3320.465861
29.50,    23601786.727585,    3197.086081
29.60,    23604903.190197,    3116.462613
29.70,    23607943.903650,    3040.713452
29.80,    23610840.414625,    2896.510975
29.90,    23613645.288592,    2804.873967
30.00,    23616289.702774,    2644.414182
30.10,    23618785.401719,    2495.698945
30.20,    23621211.050727,    2425.649009
30.30,    23623579.010051,    2367.959323
30.40,    23625835.931600,    2256.921550
30.50,    23628010.281286,    2174.349686
30.60,    23630081.301060,    2071.019774
30.70,    23632126.301387,    2045.000327
30.80,    23634105.299709,    1978.998322
30.90,    23636006.077653,    1900.777944
31.00,    23637852.295731,    1846.218078
31.10,    23639672.968183,    1820.672452
31.20,    23641466.013693,    1793.045510
31.30,    23643198.411981,    1732.398288
31.40,    23644882.490891,    1684.078910
31.50,    23646559.974880,    1677.483989
31.60,    23648167.296170,    1607.321290
31.70,    23649760.750503,    1593.454333
31.80,    23651317.955404,    1557.204901
31.90,    23652845.994860,    1528.039456
32.00,    23654314.509357,    1468.514497
32.10,    23655773.452712,    1458.943354
32.20,    23657210.476860,    1437.024148
32.30,    23658640.789047,    1430.312187
32.40,    23660060.786293,    1419.997246
32.50,    23661519.381199,    1458.594905
32.60,    23662952.034456,    1432.653257
32.70,    23664338.330825,    1386.296369
32.80,    23665716.797266,    1378.466441
32.90,    23667082.971459,    1366.174194
33.00,    23668429.091111,    1346.119652
33.10,    23669761.714110,    1332.622998
33.20,    23671100.022099,    1338.307990
33.30,    23672472.304495,    1372.282396
33.40,    23673840.846052,    1368.541556
33.50,    23675193.364955,    1352.518904
33.60,    23676571.866799,    1378.501843
33.70,    23677911.878891,    1340.012092
33.80,    23679202.674005,    1290.795114
33.90,    23680500.797847,    1298.123842
34.00,    23681761.408405,    1260.610558
34.10,    23683043.298953,    1281.890548
34.20,    23684346.700353,    1303.401401
34.30,    23685603.988866,    1257.288512
34.40,    23686870.516264,    1266.527398
34.50,    23688131.908603,    1261.392339
34.60,    23689388.860655,    1256.952052
34.70,    23690627.841889,    1238.981235
34.80,    23691869.151322,    1241.309433
34.90,    23693130.796186,    1261.644864
35.00,    23694384.683821,    1253.887635
35.10,    23695624.135891,    1239.452069
35.20,    23696762.658874,    1138.522983
35.30,    23697892.491982,    1129.833108
35.40,    23698981.500231,    1089.008249
35.50,    23700029.678626,    1048.178394
35.60,    23701023.498241,    993.819616
35.70,    23701928.850475,    905.352233
35.80,    23702805.305058,    876.454583
35.90,    23703603.777859,    798.472801
36.00,    23704356.824763,    753.046905
36.10,    23705042.637500,    685.812737
36.20,    23705655.036915,    612.399414
36.30,    23706233.765853,    578.728938
36.40,    23706809.025040,    575.259187
36.50,    23707340.090824,    531.065784
36.60,    23707836.144185,    496.053361
36.70,    23708315.036244,    478.892059
36.80,    23708762.407679,    447.371435
36.90,    23709164.991960,    402.584282
37.00,    23709555.060475,    390.068515
37.10,    23709945.822550,    390.762075
37.20,    23710293.877572,    348.055022
37.30,    23710630.689024,    336.811452
37.40,    23710954.155560,    323.466537
37.50,    23711282.535022,    328.379462
37.60,    23711608.080498,    325.545476
37.70,    23711939.348659,    331.268160
37.80,    23712258.145556,    318.796897
37.90,    23712572.251869,    314.106313
38.00,    23712881.839874,    309.588005
38.10,    23713198.383665,    316.543792
38.20,    23713510.938879,    312.555214
38.30,    23713809.983808,    299.044928
38.40,    23714103.259344,    293.275537
38.50,    23714408.045908,    304.786564
38.60,    23714708.654435,    300.608528
38.70,    23715003.310452,    294.656017
38.80,    23715293.953144,    290.642692
38.90,    23715581.813755,    287.860611
39.00,    23715861.261504,    279.447748
39.10,    23716122.851125,    261.589621
39.20,    23716373.655631,    250.804506
39.30,    23716627.719149,    254.063518
39.40,    23716874.774622,    247.055473
39.50,    23717125.660611,    250.885989
39.60,    23717373.332326,    247.671716
39.70,    23717604.298945,    230.966619
39.80,    23717830.076809,    225.777864
39.90,    23718047.293061,    217.216251
40.00,    23718272.017097,    224.724036
40.10,    23718488.079678,    216.062582
40.20,    23718691.930297,    203.850618
40.30,    23718896.898344,    204.968047
40.40,    23719101.654581,    204.756237
40.50,    23719296.067018,    194.412437
40.60,    23719485.600452,    189.533434
40.70,    23719666.312847,    180.712394
40.80,    23719839.699338,    173.386491
40.90,    23720006.574318,    166.874980
41.00,    23720165.341858,    158.767541
41.10,    23720321.178364,    155.836506
41.20,    23720468.164519,    146.986155
41.30,    23720614.754713,    146.590195
41.40,    23720759.060419,    144.305706
41.50,    23720891.263409,    132.202990
41.60,    23721015.668710,    124.405301
41.70,    23721137.111389,    121.442679
41.80,    23721254.409433,    117.298044
41.90,    23721359.924940,    105.515506
42.00,    23721462.796393,    102.871453
42.10,    23721560.796197,    97.999804
42.20,    23721666.125193,    105.328996
42.30,    23721769.791397,    103.666204
42.40,    23721863.643805,    93.852408
42.50,    23721948.263356,    84.619551
42.60,    23722029.835128,    81.571772
42.70,    23722106.170749,    76.335621
42.80,    23722179.320712,    73.149963
42.90,    23722252.634550,    73.313838
43.00,    23722327.361392,    74.726843
43.10,    23722401.951020,    74.589628
43.20,    23722472.775590,    70.824571
43.30,    23722536.000114,    63.224524
43.40,    23722601.499687,    65.499573
43.50,    23722670.866728,    69.367041
43.60,    23722737.617947,    66.751219
43.70,    23722810.935374,    73.317427
43.80,    23722873.073278,    62.137905
43.90,    23722931.945756,    58.872477
44.00,    23722992.077873,    60.132118
44.10,    23723049.240566,    57.162692
44.20,    23723100.843530,    51.602964
44.30,    23723148.812647,    47.969118
44.40,    23723193.341458,    44.528811
44.50,    23723236.381710,    43.040252
44.60,    23723283.588634,    47.206923
44.70,    23723330.501355,    46.912721
44.80,    23723378.411362,    47.910007
44.90,    23723431.636873,    53.225511
45.00,    23723479.996982,    48.360110
45.10,    23723527.748639,    47.751656
45.20,    23723579.408172,    51.659533
45.30,    23723633.689308,    54.281136
45.40,    23723685.139176,    51.449868
45.50,    23723730.404457,    45.265280
45.60,    23723771.535121,    41.130664
45.70,    23723817.185960,    45.650839
45.80,    23723866.590228,    49.404268
45.90,    23723913.351011,    46.760783
46.00,    23723955.882427,    42.531416
46.10,    23724001.145143,    45.262716
46.20,    23724047.251255,    46.106112
46.30,    23724101.296829,    54.045574
46.40,    23724150.414405,    49.117576
46.50,    23724202.325009,    51.910604
46.60,    23724253.957086,    51.632077
46.70,    23724303.283743,    49.326656
46.80,    23724347.991277,    44.707534
46.90,    23724392.619349,    44.628073
47.00,    23724432.516409,    39.897060
47.10,    23724474.507478,    41.991068
47.20,    23724516.555528,    42.048050
47.30,    23724562.700071,    46.144543
47.40,    23724606.658225,    43.958154
47.50,    23724650.498972,    43.840747
47.60,    23724691.191949,    40.692977
47.70,    23724736.971817,    45.779868
47.80,    23724780.739559,    43.767742
47.90,    23724821.319503,    40.579943
48.00,    23724861.659465,    40.339962
48.10,    23724905.016662,    43.357197
48.20,    23724949.243871,    44.227208
48.30,    23724993.207689,    43.963818
48.40,    23725034.298364,    41.090675
48.50,    23725074.096108,    39.797744
48.60,    23725112.095774,    37.999666
48.70,    23725150.960307,    38.864533
48.80,    23725194.068461,    43.108154
48.90,    23725240.232810,    46.164348
49.00,    23725281.147618,    40.914808
49.10,    23725333.540205,    52.392588
49.20,    23725381.021770,    47.481565
49.30,    23725443.166110,    62.144339
49.40,    23725510.698218,    67.532108
49.50,    23725586.195757,    75.497540
49.60,    23725673.932644,    87.736887
49.70,    23725761.166326,    87.233682
49.80,    23725850.491208,    89.324882
49.90,    23725934.172720,    83.681512
50.00,    23726013.850959,    79.678239
50.10,    23726103.922049,    90.071090
50.20,    23726186.960200,    83.038151
50.30,    23726262.756207,    75.796007
50.40,    23726333.274903,    70.518696
50.50,    23726400.885952,    67.611049
50.60,    23726463.826438,    62.940486
50.70,    23726520.114293,    56.287855
50.80,    23726577.682513,    57.568221
50.90,    23726631.333405,    53.650892
51.00,    23726684.891979,    53.558574
51.10,    23726736.947402,    52.055422
51.20,    23726789.431159,    52.483757
51.30,    23726838.799472,    49.368314
51.40,    23726895.539458,    56.739985
51.50,    23726951.182891,    55.643433
51.60,    23726999.133723,    47.950833
51.70,    23727043.166847,    44.033124
51.80,    23727091.205677,    48.038830
51.90,    23727140.329970,    49.124293
52.00,    23727188.171594,    47.841625
52.10,    23727238.897736,    50.726142
52.20,    23727282.468449,    43.570713
52.30,    23727322.826551,    40.358102
52.40,    23727364.856327,    42.029777
52.50,    23727405.631912,    40.775585
52.60,    23727443.341526,    37.709615
52.70,    23727475.826703,    32.485177
52.80,    23727508.596609,    32.769906
52.90,    23727546.730102,    38.133493
53.00,    23727580.914387,    34.184285
53.10,    23727614.753110,    33.838723
53.20,    23727645.773013,    31.019903
53.30,    23727681.671218,    35.898205
53.40,    23727714.816089,    33.144871
53.50,    23727747.255964,    32.439875
53.60,    23727775.713528,    28.457564
53.70,    23727802.006907,    26.293379
53.80,    23727828.861761,    26.854854
53.90,    23727853.047384,    24.185623
54.00,    23727877.727867,    24.680483
54.10,    23727903.846251,    26.118383
54.20,    23727928.396901,    24.550651
54.30,    23727953.820276,    25.423375
54.40,    23727977.630644,    23.810368
54.50,    23728002.715485,    25.084842
54.60,    23728029.026540,    26.311054
54.70,    23728057.228988,    28.202448
54.80,    23728086.505002,    29.276014
54.90,    23728111.583054,    25.078052
55.00,    23728136.830175,    25.247122
55.10,    23728160.238124,    23.407949
55.20,    23728179.954193,    19.716068
55.30,    23728198.594905,    18.640713
55.40,    23728218.561594,    19.966688
55.50,    23728237.272772,    18.711178
55.60,    23728257.216520,    19.943748
55.70,    23728276.420407,    19.203887
55.80,    23728299.969281,    23.548874
55.90,    23728320.491542,    20.522262
56.00,    23728345.125436,    24.633893
56.10,    23728366.935542,    21.810106
56.20,    23728392.569685,    25.634143
56.30,    23728415.338612,    22.768927
56.40,    23728441.117249,    25.778636
56.50,    23728464.118529,    23.001281
56.60,    23728488.536554,    24.418025
56.70,    23728512.604709,    24.068155
56.80,    23728537.028239,    24.423530
56.90,    23728561.843092,    24.814853
57.00,    23728592.825106,    30.982014
57.10,    23728620.062676,    27.237570
57.20,    23728642.684993,    22.622317
57.30,    23728666.499427,    23.814434
57.40,    23728691.081122,    24.581695
57.50,    23728719.651703,    28.570581
57.60,    23728744.339967,    24.688265
57.70,    23728766.360956,    22.020988
57.80,    23728789.482140,    23.121185
57.90,    23728813.838105,    24.355965
58.00,    23728839.301493,    25.463388
58.10,    23728860.840758,    21.539265
58.20,    23728885.960808,    25.120050
58.30,    23728909.220125,    23.259317
58.40,    23728933.415479,    24.195354
58.50,    23728961.154380,    27.738901
58.60,    23728986.119727,    24.965347
58.70,    23729012.670858,    26.551131
58.80,    23729042.385272,    29.714414
58.90,    23729072.019671,    29.634400
59.00,    23729102.373911,    30.354240
59.10,    23729133.510372,    31.136460
59.20,    23729162.701115,    29.190743
59.30,    23729196.290036,    33.588922
59.40,    23729226.154595,    29.864559
59.50,    23729256.767227,    30.612632
59.60,    23729289.219364,    32.452137
59.70,    23729318.175132,    28.955768
59.80,    23729350.261935,    32.086803
59.90,    23729378.737921,    28.475986
60.00,    23729399.883992,    21.146072
60.10,    23729420.408021,    20.524028
60.20,    23729440.855054,    20.447033
60.30,    23729465.775621,    24.920567
60.40,    23729488.444798,    22.669177
60.50,    23729509.973109,    21.528311
60.60,    23729526.533462,    16.560353
60.70,    23729545.142168,    18.608706
60.80,    23729560.773894,    15.631726
60.90,    23729573.907281,    13.133387
61.00,    23729588.599754,    14.692473
61.10,    23729604.245507,    15.645753
61.20,    23729618.192843,    13.947335
61.30,    23729632.408470,    14.215628
61.40,    23729643.239593,    10.831122
61.50,    23729653.731352,    10.491759
61.60,    23729665.984804,    12.253452
61.70,    23729677.177329,    11.192525
61.80,    23729687.727132,    10.549803
61.90,    23729698.257783,    10.530650
62.00,    23729709.324921,    11.067138
62.10,    23729721.185815,    11.860895
62.20,    23729734.097618,    12.911802
62.30,    23729747.775137,    13.677520
62.40,    23729760.931456,    13.156319
62.50,    23729774.848599,    13.917143
62.60,    23729788.303697,    13.455098
62.70,    23729799.429575,    11.125878
62.80,    23729809.314013,    9.884438
62.90,    23729819.163919,    9.849906
63.00,    23729829.296365,    10.132446
63.10,    23729839.407191,    10.110826
63.20,    23729849.038694,    9.631502
63.30,    23729858.682571,    9.643877
63.40,    23729868.292704,    9.610134
63.50,    23729878.147291,    9.854587
63.60,    23729886.820164,    8.672873
63.70,    23729894.876420,    8.056256
63.80,    23729903.493031,    8.616611
63.90,    23729912.455046,    8.962015
64.00,    23729921.670615,    9.215569
64.10,    23729931.174458,    9.503843
64.20,    23729940.937319,    9.762862
64.30,    23729949.753818,    8.816498
64.40,    23729957.785610,    8.031792
64.50,    23729966.690349,    8.904740
64.60,    23729977.339400,    10.649050
64.70,    23729985.029486,    7.690087
64.80,    23729992.632660,    7.603174
64.90,    23730000.910207,    8.277547
65.00,    23730011.148952,    10.238744
65.10,    23730019.500181,    8.351229
65.20,    23730024.962379,    5.462198
65.30,    23730032.819598,    7.857220
65.40,    23730040.518600,    7.699002
65.50,    23730048.011194,    7.492594
65.60,    23730055.477376,    7.466181
65.70,    23730062.110170,    6.632794
65.80,    23730067.977304,    5.867134
65.90,    23730075.440637,    7.463333
66.00,    23730082.937564,    7.496927
66.10,    23730088.388004,    5.450440
66.20,    23730093.727267,    5.339263
66.30,    23730099.713372,    5.986104
66.40,    23730104.639340,    4.925968
66.50,    23730109.597107,    4.957768
66.60,    23730116.014523,    6.417416
66.70,    23730122.427097,    6.412574
66.80,    23730128.394628,    5.967531
66.90,    23730134.303098,    5.908470
67.00,    23730140.093243,    5.790144
67.10,    23730145.366958,    5.273716
67.20,    23730151.460271,    6.093313
67.30,    23730157.580810,    6.120539
67.40,    23730163.615056,    6.034246
67.50,    23730168.980098,    5.365042
67.60,    23730174.367244,    5.387146
67.70,    23730179.067203,    4.699959
67.80,    23730184.261515,    5.194311
67.90,    23730189.371881,    5.110366
68.00,    23730194.935626,    5.563745
68.10,    23730201.385928,    6.450303
68.20,    23730207.442205,    6.056276
68.30,    23730213.017109,    5.574904
68.40,    23730218.571270,    5.554162
68.50,    23730223.913005,    5.341735
68.60,    23730228.069158,    4.156153
68.70,    23730232.126544,    4.057386
68.80,    23730235.616306,    3.489762
68.90,    23730240.198438,    4.582132
69.00,    23730244.956238,    4.757800
69.10,    23730249.945628,    4.989389
69.20,    23730254.060430,    4.114802
69.30,    23730258.789234,    4.728805
69.40,    23730262.996133,    4.206899
69.50,    23730267.483914,    4.487781
69.60,    23730272.188056,    4.704142
69.70,    23730276.979323,    4.791267
69.80,    23730281.704911,    4.725589
69.90,    23730286.797749,    5.092838
70.00,    23730290.421487,    3.623737
70.10,    23730294.481909,    4.060422
70.20,    23730297.886358,    3.404449
70.30,    23730302.757463,    4.871105
70.40,    23730307.271260,    4.513797
70.50,    23730312.094916,    4.823656
70.60,    23730316.992375,    4.897459
70.70,    23730321.885867,    4.893492
70.80,    23730325.285834,    3.399967
70.90,    23730330.444818,    5.158983
71.00,    23730336.045957,    5.601140
71.10,    23730340.269126,    4.223169
71.20,    23730346.666572,    6.397446
71.30,    23730350.896284,    4.229712
71.40,    23730355.758170,    4.861886
71.50,    23730360.049011,    4.290840
71.60,    23730363.021978,    2.972968
71.70,    23730366.756405,    3.734426
71.80,    23730370.762711,    4.006306
71.90,    23730374.704163,    3.941452
72.00,    23730379.076238,    4.372074
72.10,    23730383.496565,    4.420327
72.20,    23730388.571606,    5.075042
72.30,    23730392.758292,    4.186686
72.40,    23730396.172220,    3.413928
72.50,    23730399.532750,    3.360530
72.60,    23730403.018814,    3.486064
72.70,    23730406.485456,    3.466643
72.80,    23730409.262100,    2.776644
72.90,    23730411.624825,    2.362725
73.00,    23730414.460586,    2.835761
73.10,    23730417.191851,    2.731265
73.20,    23730420.471279,    3.279428
73.30,    23730423.799524,    3.328245
73.40,    23730427.202630,    3.403106
73.50,    23730430.678432,    3.475802
73.60,    23730434.181740,    3.503308
73.70,    23730436.507463,    2.325722
73.80,    23730438.421311,    1.913848
73.90,    23730440.352342,    1.931031
74.00,    23730442.326104,    1.973763
74.10,    23730444.356919,    2.030814
74.20,    23730446.200977,    1.844059
74.30,    23730448.095589,    1.894612
74.40,    23730450.705711,    2.610122
74.50,    23730452.664182,    1.958470
74.60,    23730454.993230,    2.329048
74.70,    23730457.335748,    2.342518
74.80,    23730458.802803,    1.467055
74.90,    23730461.671458,    2.868654
75.00,    23730463.330679,    1.659221
75.10,    23730465.076020,    1.745341
75.20,    23730466.860588,    1.784568
75.30,    23730469.911257,    3.050669
75.40,    23730471.635253,    1.723996
75.50,    23730473.321616,    1.686363
75.60,    23730474.965489,    1.643873
75.70,    23730476.556166,    1.590677
75.80,    23730478.091092,    1.534926
75.90,    23730480.687313,    2.596222
76.00,    23730483.270412,    2.583098
76.10,    23730485.463370,    2.192958
76.20,    23730487.451254,    1.987884
76.30,    23730489.397518,    1.946264
76.40,    23730490.739594,    1.342076
76.50,    23730492.042025,    1.302431
76.60,    23730493.297333,    1.255308
76.70,    23730494.510544,    1.213212
76.80,    23730495.676430,    1.165886
76.90,    23730496.872314,    1.195884
77.00,    23730498.132151,    1.259836
77.10,    23730499.455790,    1.323639
77.20,    23730500.876074,    1.420284
77.30,    23730502.386393,    1.510320
77.40,    23730504.343100,    1.956706
77.50,    23730506.374208,    2.031109
77.60,    23730508.480846,    2.106638
77.70,    23730510.637049,    2.156203
77.80,    23730512.784111,    2.147062
77.90,    23730514.868069,    2.083959
78.00,    23730516.254568,    1.386499
78.10,    23730517.566303,    1.311736
78.20,    23730518.805967,    1.239663
78.30,    23730520.243166,    1.437199
78.40,    23730521.605267,    1.362101
78.50,    23730522.912538,    1.307271
78.60,    23730524.206885,    1.294347
78.70,    23730525.512742,    1.305858
78.80,    23730529.380317,    3.867574
78.90,    23730533.125469,    3.745153
79.00,    23730536.891563,    3.766094
79.10,    23730541.930079,    5.038516
79.20,    23730547.346852,    5.416773
79.30,    23730553.034987,    5.688135
79.40,    23730558.907574,    5.872587
79.50,    23730565.252222,    6.344648
79.60,    23730568.963339,    3.711117
79.70,    23730572.579144,    3.615805
79.80,    23730576.173375,    3.594231
79.90,    23730579.776566,    3.603191
80.00,    23730584.762405,    4.985839
80.10,    23730590.069740,    5.307335
80.20,    23730595.539128,    5.469389
80.30,    23730601.001108,    5.461979
80.40,    23730606.254351,    5.253243
80.50,    23730611.157858,    4.903507
80.60,    23730615.729372,    4.571515
80.70,    23730620.843592,    5.114220
80.80,    23730625.694136,    4.850544
80.90,    23730630.074570,    4.380434
81.00,    23730633.688242,    3.613672
81.10,    23730636.730322,    3.042081
81.20,    23730639.459304,    2.728982
81.30,    23730642.232002,    2.772698
81.40,    23730645.063553,    2.831550
81.50,    23730648.960646,    3.897093
81.60,    23730652.015000,    3.054355
81.70,    23730654.936768,    2.921768
81.80,    23730657.517840,    2.581072
81.90,    23730661.017386,    3.499546
82.00,    23730664.619410,    3.602024
82.10,    23730668.453083,    3.833673
82.20,    23730671.816289,    3.363205
82.30,    23730674.456650,    2.640361
82.40,    23730677.112555,    2.655905
82.50,    23730679.413151,    2.300595
82.60,    23730681.664266,    2.251115
82.70,    23730683.853336,    2.189070
82.80,    23730685.967433,    2.114098
82.90,    23730687.997833,    2.030400
83.00,    23730689.955297,    1.957464
83.10,    23730691.870945,    1.915648
83.20,    23730693.749433,    1.878488
83.30,    23730695.605456,    1.856023
83.40,    23730697.144311,    1.538855
83.50,    23730698.887296,    1.742985
83.60,    23730700.755822,    1.868526
83.70,    23730702.764501,    2.008679
83.80,    23730704.919218,    2.154717
83.90,    23730707.230704,    2.311486
84.00,    23730709.649510,    2.418806
84.10,    23730712.128130,    2.478620
84.20,    23730714.690796,    2.562666
84.30,    23730717.391559,    2.700763
84.40,    23730720.183261,    2.791701
84.50,    23730721.859209,    1.675948
84.60,    23730723.526323,    1.667114
84.70,    23730725.187447,    1.661124
84.80,    23730726.838529,    1.651082
84.90,    23730728.468334,    1.629805
85.00,    23730729.871747,    1.403413
85.10,    23730731.247133,    1.375386
85.20,    23730732.620797,    1.373664
85.30,    23730733.978022,    1.357224
85.40,    23730734.800562,    0.822541
85.50,    23730735.237381,    0.436819
85.60,    23730735.671424,    0.434043
85.70,    23730736.102165,    0.430741
85.80,    23730736.529104,    0.426939
85.90,    23730736.953557,    0.424453
86.00,    23730737.397041,    0.443483
86.10,    23730737.866055,    0.469014
86.20,    23730738.641757,    0.775702
86.30,    23730739.444483,    0.802726
86.40,    23730740.268138,    0.823655
86.50,    23730741.105012,    0.836874
86.60,    23730741.946810,    0.841798
86.70,    23730742.785579,    0.838769
86.80,    23730743.965719,    1.180140
86.90,    23730745.111410,    1.145690
87.00,    23730746.230813,    1.119404
87.10,    23730747.383570,    1.152756
87.20,    23730748.576014,    1.192444
87.30,    23730749.793683,    1.217669
87.40,    23730751.026572,    1.232889
87.50,    23730752.269194,    1.242622
87.60,    23730753.165477,    0.896283
87.70,    23730754.070203,    0.904726
87.80,    23730754.963914,    0.893711
87.90,    23730755.828237,    0.864323
88.00,    23730756.686311,    0.858075
88.10,    23730757.570489,    0.884177
88.20,    23730758.147494,    0.577005
88.30,    23730758.768520,    0.621027
88.40,    23730759.407435,    0.638914
88.50,    23730760.902550,    1.495115
88.60,    23730762.195121,    1.292571
88.70,    23730763.306072,    1.110950
88.80,    23730764.279966,    0.973894
88.90,    23730765.220859,    0.940893
89.00,    23730766.132552,    0.911694
89.10,    23730767.268861,    1.136308
89.20,    23730768.401956,    1.133096
89.30,    23730770.129274,    1.727318
89.40,    23730771.924726,    1.795452
89.50,    23730773.793687,    1.868960
89.60,    23730775.726841,    1.933155
89.70,    23730777.756027,    2.029186
89.80,    23730779.808711,    2.052683
89.90,    23730781.603643,    1.794932
90.00,    23730783.285643,    1.682000
90.10,    23730784.853222,    1.567579
90.20,    23730786.311471,    1.458249
90.30,    23730787.674693,    1.363221
90.40,    23730788.990704,    1.316012
90.50,    23730790.284795,    1.294090
90.60,    23730791.586760,    1.301965
90.70,    23730792.898086,    1.311327
90.80,    23730794.219887,    1.321801
90.90,    23730795.550305,    1.330418
91.00,    23730796.884301,    1.333996
91.10,    23730798.212997,    1.328695
91.20,    23730799.528966,    1.315969
91.30,    23730801.455554,    1.926588
91.40,    23730802.886262,    1.430708
91.50,    23730804.231933,    1.345671
91.60,    23730805.559457,    1.327524
91.70,    23730806.892400,    1.332943
91.80,    23730807.903636,    1.011236
91.90,    23730808.969049,    1.065413
92.00,    23730810.175582,    1.206533
92.10,    23730811.400814,    1.225232
92.20,    23730812.622981,    1.222168
92.30,    23730813.798205,    1.175224
92.40,    23730814.946023,    1.147818
92.50,    23730816.073642,    1.127619
92.60,    23730816.926081,    0.852440
92.70,    23730817.810642,    0.884560
92.80,    23730818.339044,    0.528402
92.90,    23730818.884191,    0.545147
93.00,    23730819.436956,    0.552765
93.10,    23730819.984535,    0.547579
93.20,    23730820.513183,    0.528648
93.30,    23730821.012298,    0.499115
93.40,    23730821.785005,    0.772707
93.50,    23730822.515843,    0.730838
93.60,    23730823.503450,    0.987607
93.70,    23730824.450387,    0.946937
93.80,    23730825.353700,    0.903313
93.90,    23730826.550731,    1.197031
94.00,    23730827.695230,    1.144499
94.10,    23730828.554778,    0.859548
94.20,    23730829.689385,    1.134607
94.30,    23730830.268278,    0.578893
94.40,    23730830.841877,    0.573599
94.50,    23730831.844991,    1.003114
94.60,    23730832.870859,    1.025868
94.70,    23730833.913288,    1.042430
94.80,    23730834.958315,    1.045027
94.90,    23730835.993563,    1.035247
95.00,    23730837.008509,    1.014947
95.10,    23730837.994488,    0.985978
95.20,    23730838.951454,    0.956966
95.30,    23730839.930232,    0.978778
95.40,    23730840.927256,    0.997024
95.50,    23730841.543484,    0.616228
95.60,    23730842.179613,    0.636129
