time, current, entrained
0.10,    66687983.757639,    0.000000
0.20,    66687983.757639,    0.000000
0.30,    66687983.757639,    0.000000
0.40,    66687983.757639,    0.000000
0.50,    66687983.757639,    0.000000
0.60,    66687983.757639,    0.000000
0.70,    66687983.757639,    0.000000
0.80,    66687983.757639,    0.000000
0.90,    66687983.757639,    0.000000
1.00,    66687983.757639,    0.000000
1.10,    66687983.757639,    0.000000
1.20,    66687983.757639,    0.000000
1.30,    66687983.757639,    0.000000
1.40,    66687984.287005,    0.529366
1.50,    66687984.967203,    0.680198
1.60,    66687987.898708,    2.931505
1.70,    66687994.821070,    6.922363
1.80,    66688006.474439,    11.653369
1.90,    66688023.498615,    17.024176
2.00,    66688048.954962,    25.456347
2.10,    66688084.054858,    35.099895
2.20,    66688135.917020,    51.862162
2.30,    66688205.320682,    69.403662
2.40,    66688297.049752,    91.729070
2.50,    66688417.915039,    120.865287
2.60,    66688575.882347,    157.967307
2.70,    66688771.945214,    196.062867
2.80,    66689013.294570,    241.349356
2.90,    66689309.424668,    296.130098
3.00,    66689658.125939,    348.701271
3.10,    66690060.693814,    402.567876
3.20,    66690530.198964,    469.505150
3.30,    66691063.331922,    533.132958
3.40,    66691672.063411,    608.731489
3.50,    66692350.736355,    678.672944
3.60,    66693097.580969,    746.844614
3.70,    66693923.868404,    826.287435
3.80,    66694808.240413,    884.372009
3.90,    66695768.505444,    960.265031
4.00,    66696801.602288,    1033.096844
4.10,    66697906.827206,    1105.224918
4.20,    66699092.822818,    1185.995613
4.30,    66700356.740591,    1263.917772
4.40,    66701694.690352,    1337.949761
4.50,    66703095.222566,    1400.532214
4.60,    66704565.549352,    1470.326785
4.70,    66706116.580639,    1551.031287
4.80,    66707760.778402,    1644.197763
4.90,    66709467.260551,    1706.482149
5.00,    66711290.968154,    1823.707603
5.10,    66713192.214313,    1901.246159
5.20,    66715163.116726,    1970.902413
5.30,    66717206.128188,    2043.011462
5.40,    66719316.422444,    2110.294256
5.50,    66721487.421791,    2170.999347
5.60,    66723790.724910,    2303.303119
5.70,    66726135.513556,    2344.788646
5.80,    66728565.977458,    2430.463902
5.90,    66731115.921415,    2549.943957
6.00,    66733759.362457,    2643.441042
6.10,    66736511.957060,    2752.594603
6.20,    66739304.011980,    2792.054920
6.30,    66742166.419855,    2862.407875
6.40,    66745086.598604,    2920.178749
6.50,    66747945.430055,    2858.831451
6.60,    66750874.849091,    2929.419035
6.70,    66753919.698287,    3044.849196
6.80,    66756984.013344,    3064.315057
6.90,    66760213.627674,    3229.614330
7.00,    66763464.785022,    3251.157348
7.10,    66766879.933371,    3415.148349
7.20,    66770416.639546,    3536.706175
7.30,    66774088.542906,    3671.903360
7.40,    66777971.524595,    3882.981689
7.50,    66781844.234043,    3872.709449
7.60,    66785796.515415,    3952.281371
7.70,    66789947.392488,    4150.877074
7.80,    66794185.849407,    4238.456919
7.90,    66798518.823774,    4332.974367
8.00,    66803024.626315,    4505.802541
8.10,    66807554.026465,    4529.400150
8.20,    66812240.758998,    4686.732533
8.30,    66816996.690925,    4755.931927
8.40,    66822016.616223,    5019.925299
8.50,    66827154.724632,    5138.108408
8.60,    66832550.743636,    5396.019005
8.70,    66837954.878216,    5404.134580
8.80,    66843551.614284,    5596.736067
8.90,    66849190.638430,    5639.024146
9.00,    66854991.882742,    5801.244312
9.10,    66860799.465439,    5807.582697
9.20,    66866607.125181,    5807.659742
9.30,    66872434.525667,    5827.400486
9.40,    66878219.606919,    5785.081252
9.50,    66883883.367330,    5663.760411
9.60,    66889681.246528,    5797.879198
9.70,    66895458.374706,    5777.128178
9.80,    66901650.825711,    6192.451005
9.90,    66907747.982002,    6097.156291
10.00,    88901006.263734,    6439.304907
10.10,    88907229.814384,    6223.550650
10.20,    88913493.090225,    6263.275841
10.30,    88919871.830499,    6378.740274
10.40,    88926283.134511,    6411.304012
10.50,    88932811.593172,    6528.458661
10.60,    88939264.498302,    6452.905130
10.70,    88945880.355625,    6615.857324
10.80,    88952398.597373,    6518.241748
10.90,    88958671.514953,    6272.917580
11.00,    88964602.619421,    5931.104467
11.10,    88970493.400378,    5890.780958
11.20,    88976182.999947,    5689.599568
11.30,    88981818.500546,    5635.500599
11.40,    88987590.665696,    5772.165150
11.50,    88993568.918524,    5978.252828
11.60,    88999533.301743,    5964.383219
11.70,    89005350.861730,    5817.559988
11.80,    89011201.166297,    5850.304567
11.90,    89017627.421163,    6426.254866
12.00,    89024310.515176,    6683.094013
12.10,    89030883.375489,    6572.860313
12.20,    89037300.835617,    6417.460128
12.30,    89043722.565507,    6421.729890
12.40,    89050124.833668,    6402.268161
12.50,    89056714.988758,    6590.155090
12.60,    89063089.230822,    6374.242064
12.70,    89069596.472444,    6507.241622
12.80,    89075752.038510,    6155.566066
12.90,    89081228.904476,    5476.865966
13.00,    89086964.021474,    5735.116999
13.10,    89092722.803343,    5758.781869
13.20,    89097954.022871,    5231.219527
13.30,    89103107.821864,    5153.798993
13.40,    89108072.744157,    4964.922294
13.50,    89112510.038726,    4437.294568
13.60,    89116859.285036,    4349.246311
13.70,    89121021.181608,    4161.896572
13.80,    89124986.990269,    3965.808661
13.90,    89129130.835984,    4143.845715
14.00,    89132807.232719,    3676.396735
14.10,    89136341.665142,    3534.432423
14.20,    89139826.589638,    3484.924495
14.30,    89143356.661642,    3530.072004
14.40,    89146840.614037,    3483.952396
14.50,    89150325.078527,    3484.464489
14.60,    89154012.476139,    3687.397612
14.70,    89157905.829411,    3893.353272
14.80,    89161696.602150,    3790.772739
14.90,    89165962.812250,    4266.210100
15.00,    89170408.940021,    4446.127770
15.10,    89175077.650269,    4668.710248
15.20,    89180031.336534,    4953.686265
15.30,    89185264.934997,    5233.598464
15.40,    89190488.745481,    5223.810483
15.50,    89195896.123590,    5407.378109
15.60,    89201457.567793,    5561.444204
15.70,    89206965.992609,    5508.424815
15.80,    89212125.639630,    5159.647021
15.90,    89217238.340747,    5112.701117
16.00,    89222677.097123,    5438.756376
16.10,    89228171.137375,    5494.040252
16.20,    89233822.989648,    5651.852273
16.30,    89239455.429047,    5632.439399
16.40,    89245150.541120,    5695.112073
16.50,    89251123.909735,    5973.368615
16.60,    89257185.861141,    6061.951406
16.70,    89263778.139441,    6592.278300
16.80,    89270574.250502,    6796.111061
16.90,    89277481.383451,    6907.132949
17.00,    89284700.576541,    7219.193090
17.10,    89292080.434607,    7379.858065
17.20,    89299485.944649,    7405.510042
17.30,    89306720.349795,    7234.405146
17.40,    89314220.003958,    7499.654163
17.50,    89322162.819106,    7942.815149
17.60,    89330656.364880,    8493.545774
17.70,    89339588.124695,    8931.759815
17.80,    89348994.718694,    9406.593999
17.90,    89358688.094537,    9693.375843
18.00,    89368460.454288,    9772.359751
18.10,    89378394.145749,    9933.691461
18.20,    89388414.830743,    10020.684995
18.30,    89398592.746726,    10177.915982
18.40,    89408515.834259,    9923.087534
18.50,    89418509.801148,    9993.966889
18.60,    89427940.561000,    9430.759852
18.70,    89437294.173808,    9353.612808
18.80,    89446789.882663,    9495.708856
18.90,    89456507.177446,    9717.294783
19.00,    89466653.408616,    10146.231170
19.10,    89477456.493568,    10803.084952
19.20,    89488642.776198,    11186.282630
19.30,    89499967.302893,    11324.526696
19.40,    89511355.678144,    11388.375250
19.50,    89522603.903939,    11248.225795
19.60,    89533978.212776,    11374.308837
19.70,    89544952.618234,    10974.405458
19.80,    89555741.756318,    10789.138085
19.90,    89566019.476509,    10277.720190
20.00,    89575600.728552,    9581.252044
20.10,    89585341.398035,    9740.669483
20.20,    89595566.661362,    10225.263327
20.30,    89605825.105344,    10258.443981
20.40,    89615588.942858,    9763.837515
20.50,    89625321.221760,    9732.278902
20.60,    89635005.780779,    9684.559019
20.70,    89644605.586493,    9599.805715
20.80,    89654115.473185,    9509.886692
20.90,    89663334.372247,    9218.899062
21.00,    89672485.317769,    9150.945521
21.10,    89681794.648533,    9309.330765
21.20,    89691547.730378,    9753.081844
21.30,    89701273.315068,    9725.584690
21.40,    89711008.631223,    9735.316155
21.50,    89720789.988475,    9781.357252
21.60,    89730694.874474,    9904.885999
21.70,    89740258.965296,    9564.090822
21.80,    89749363.455298,    9104.490002
21.90,    89758173.680261,    8810.224963
22.00,    89766969.605621,    8795.925360
22.10,    89776198.467833,    9228.862212
22.20,    89785409.580383,    9211.112550
22.30,    89795216.175055,    9806.594671
22.40,    89805679.200569,    10463.025515
22.50,    89816636.081836,    10956.881267
22.60,    89828173.011327,    11536.929491
22.70,    89840358.724891,    12185.713565
22.80,    89852470.740291,    12112.015399
22.90,    89864548.916141,    12078.175851
23.00,    89876343.984111,    11795.067970
23.10,    89888062.998083,    11719.013972
23.20,    89899658.764590,    11595.766507
23.30,    89910689.549531,    11030.784940
23.40,    89921337.414728,    10647.865198
23.50,    89931746.071173,    10408.656444
23.60,    89941859.366031,    10113.294859
23.70,    89951554.822136,    9695.456105
23.80,    89961045.962927,    9491.140791
23.90,    89970273.861820,    9227.898894
24.00,    89979595.153427,    9321.291607
24.10,    89989020.363239,    9425.209812
24.20,    89998425.375917,    9405.012678
24.30,    90007769.072308,    9343.696391
24.40,    90017404.365849,    9635.293541
24.50,    90027289.008826,    9884.642976
24.60,    90036880.992064,    9591.983239
24.70,    90046779.413666,    9898.421602
24.80,    90056126.921213,    9347.507547
24.90,    90065251.056015,    9124.134801
25.00,    90073803.661624,    8552.605609
25.10,    90082136.440916,    8332.779292
25.20,    90089753.858504,    7617.417588
25.30,    90097081.100232,    7327.241729
25.40,    90104171.739509,    7090.639277
25.50,    90111066.914524,    6895.175014
25.60,    90117923.148521,    6856.233997
25.70,    90124869.216919,    6946.068398
25.80,    90131880.305809,    7011.088889
25.90,    90138895.787717,    7015.481908
26.00,    90145955.880410,    7060.092693
26.10,    90153217.400158,    7261.519747
26.20,    90160593.539560,    7376.139402
26.30,    90167975.208089,    7381.668529
26.40,    90175217.171418,    7241.963330
26.50,    90182537.036827,    7319.865409
26.60,    90189905.801330,    7368.764503
26.70,    90197175.650885,    7269.849555
26.80,    90204583.589038,    7407.938152
26.90,    90211962.439899,    7378.850862
27.00,    90219121.538003,    7159.098104
27.10,    90226286.005894,    7164.467891
27.20,    90233534.937812,    7248.931918
27.30,    90240453.605884,    6918.668071
27.40,    90247317.196326,    6863.590442
27.50,    90253903.737560,    6586.541234
27.60,    90260212.576110,    6308.838550
27.70,    90266444.627069,    6232.050959
27.80,    90272484.499679,    6039.872610
27.90,    90278490.164593,    6005.664914
28.00,    90284452.699706,    5962.535113
28.10,    90290523.506377,    6070.806671
28.20,    90296621.116950,    6097.610573
28.30,    90302588.914804,    5967.797854
28.40,    90308455.581439,    5866.666635
28.50,    90314288.270287,    5832.688848
28.60,    90320037.345604,    5749.075317
28.70,    90325738.956285,    5701.610681
28.80,    90331472.048637,    5733.092352
28.90,    90337303.361667,    5831.313031
29.00,    90343245.395925,    5942.034258
29.10,    90349197.718221,    5952.322296
29.20,    90355400.687985,    6202.969764
29.30,    90361639.627801,    6238.939816
29.40,    90367926.155000,    6286.527199
29.50,    90374159.253547,    6233.098546
29.60,    90380830.757086,    6671.503539
29.70,    90387642.915690,    6812.158604
29.80,    90394437.546795,    6794.631105
29.90,    90401353.137251,    6915.590456
30.00,    90408330.285719,    6977.148469
30.10,    90415390.145615,    7059.859896
30.20,    90422748.720998,    7358.575383
30.30,    90430046.874646,    7298.153648
30.40,    90437172.242500,    7125.367854
30.50,    90444299.803398,    7127.560898
30.60,    90451855.982284,    7556.178886
30.70,    90459670.165761,    7814.183477
30.80,    90467278.459645,    7608.293884
30.90,    90475019.421337,    7740.961693
31.00,    90483121.649604,    8102.228267
31.10,    90491331.573729,    8209.924124
31.20,    90499824.568007,    8492.994278
31.30,    90508368.889354,    8544.321347
31.40,    90517192.386164,    8823.496810
31.50,    90526039.900923,    8847.514759
31.60,    90534830.551055,    8790.650131
31.70,    90543954.054461,    9123.503407
31.80,    90553138.601265,    9184.546804
31.90,    90562338.269615,    9199.668349
32.00,    90571643.892448,    9305.622833
32.10,    90580929.659098,    9285.766651
32.20,    90590100.079207,    9170.420108
32.30,    90599300.025106,    9199.945900
32.40,    90608412.597594,    9112.572487
32.50,    90617786.342902,    9373.745308
32.60,    90627364.744682,    9578.401780
32.70,    90636949.745496,    9585.000814
32.80,    90646581.646525,    9631.901029
32.90,    90656493.674896,    9912.028370
33.00,    90666081.917626,    9588.242731
33.10,    90676161.878226,    10079.960599
33.20,    90686058.632592,    9896.754366
33.30,    90695883.497079,    9824.864487
33.40,    90705695.817453,    9812.320374
33.50,    90715718.643207,    10022.825754
33.60,    90726016.937998,    10298.294791
33.70,    90735728.643955,    9711.705957
33.80,    90745739.701070,    10011.057116
33.90,    90756423.230479,    10683.529409
34.00,    90767059.494576,    10636.264097
34.10,    90777929.844497,    10870.349921
34.20,    90789011.772761,    11081.928265
34.30,    90799349.929851,    10338.157090
34.40,    90809327.152037,    9977.222186
34.50,    90819499.406231,    10172.254194
34.60,    90829872.279056,    10372.872825
34.70,    90840682.153008,    10809.873952
34.80,    90851955.913396,    11273.760387
34.90,    90863229.649038,    11273.735643
35.00,    90874510.057052,    11280.408014
35.10,    90885836.262642,    11326.205589
35.20,    90896878.122869,    11041.860227
35.30,    90908257.083482,    11378.960613
35.40,    90919978.045735,    11720.962253
35.50,    90931696.681988,    11718.636253
35.60,    90943519.591059,    11822.909070
35.70,    90955453.917338,    11934.326280
35.80,    90967320.910446,    11866.993108
35.90,    90979202.533305,    11881.622859
36.00,    90991174.862539,    11972.329235
36.10,    91003022.172108,    11847.309569
36.20,    91015310.629265,    12288.457157
36.30,    91027814.678957,    12504.049691
36.40,    91039879.182059,    12064.503102
36.50,    91051866.806262,    11987.624204
36.60,    91063888.514763,    12021.708500
36.70,    91075936.206244,    12047.691482
36.80,    91087827.258518,    11891.052274
36.90,    91099251.892672,    11424.634154
37.00,    91109923.612570,    10671.719898
37.10,    91119648.451513,    9724.838943
37.20,    91128572.644289,    8924.192776
37.30,    91136774.139420,    8201.495131
37.40,    91144616.168546,    7842.029126
37.50,    91151949.808660,    7333.640114
37.60,    91158818.071233,    6868.262572
37.70,    91165153.248252,    6335.177020
37.80,    91170815.975049,    5662.726796
37.90,    91175866.281375,    5050.306327
38.00,    91180354.033794,    4487.752419
38.10,    91184053.795600,    3699.761805
38.20,    91187151.664369,    3097.868770
38.30,    91189763.519899,    2611.855529
38.40,    91192098.549407,    2335.029509
38.50,    91194215.512441,    2116.963034
38.60,    91196037.783001,    1822.270560
38.70,    91197431.839074,    1394.056073
38.80,    91198592.002693,    1160.163619
38.90,    91199680.451464,    1088.448772
39.00,    91200573.347230,    892.895765
39.10,    91201322.689851,    749.342621
39.20,    91202027.929311,    705.239460
39.30,    91202616.429988,    588.500677
39.40,    91203207.097712,    590.667725
39.50,    91203764.012874,    556.915161
39.60,    91204217.845932,    453.833058
39.70,    91204556.087121,    338.241190
39.80,    91204931.469179,    375.382057
39.90,    91205274.551886,    343.082707
40.00,    91205608.664524,    334.112638
40.10,    91205944.135667,    335.471143
40.20,    91206346.459461,    402.323794
40.30,    91206675.854039,    329.394579
40.40,    91207042.047210,    366.193170
40.50,    91207412.717423,    370.670213
40.60,    91207768.264183,    355.546760
40.70,    91208058.996121,    290.731938
40.80,    91208364.089516,    305.093395
40.90,    91208676.081939,    311.992423
41.00,    91208974.293150,    298.211211
41.10,    91209265.791040,    291.497891
41.20,    91209545.907517,    280.116477
41.30,    91209845.490045,    299.582528
41.40,    91210192.941507,    347.451462
41.50,    91210466.528617,    273.587110
41.60,    91210767.983639,    301.455022
41.70,    91211029.795096,    261.811457
41.80,    91211355.396991,    325.601894
41.90,    91211693.162328,    337.765337
42.00,    91211994.606231,    301.443903
42.10,    91212295.241658,    300.635426
42.20,    91212600.922976,    305.681318
42.30,    91212881.207130,    280.284154
42.40,    91213203.976799,    322.769669
42.50,    91213454.992062,    251.015263
42.60,    91213707.106920,    252.114858
42.70,    91213975.170390,    268.063470
42.80,    91214255.209719,    280.039329
42.90,    91214628.493342,    373.283624
43.00,    91214908.039611,    279.546269
43.10,    91215168.801687,    260.762075
43.20,    91215484.628044,    315.826357
43.30,    91215718.501240,    233.873197
43.40,    91215974.094014,    255.592773
43.50,    91216232.861318,    258.767304
43.60,    91216490.379675,    257.518357
43.70,    91216757.782114,    267.402440
43.80,    91216980.756479,    222.974365
43.90,    91217240.301663,    259.545184
44.00,    91217516.145792,    275.844129
44.10,    91217760.996728,    244.850935
44.20,    91218004.252190,    243.255463
44.30,    91218278.605592,    274.353401
44.40,    91218567.982551,    289.376959
44.50,    91218836.980840,    268.998289
44.60,    91219123.460270,    286.479430
44.70,    91219418.334514,    294.874244
44.80,    91219682.962429,    264.627915
44.90,    91219923.835546,    240.873117
45.00,    91220176.425228,    252.589683
45.10,    91220437.888445,    261.463217
45.20,    91220683.481814,    245.593370
45.30,    91220964.714723,    281.232909
45.40,    91221261.560482,    296.845759
45.50,    91221571.151878,    309.591396
45.60,    91221902.444969,    331.293091
45.70,    91222184.121309,    281.676340
45.80,    91222463.918559,    279.797250
45.90,    91222763.448643,    299.530084
46.00,    91223038.029772,    274.581128
46.10,    91223280.178001,    242.148229
46.20,    91223577.912748,    297.734747
46.30,    91223856.332814,    278.420066
46.40,    91224079.140981,    222.808167
46.50,    91224329.653823,    250.512842
46.60,    91224600.584149,    270.930327
46.70,    91224940.630943,    340.046794
46.80,    91225271.823052,    331.192109
46.90,    91225551.697196,    279.874144
47.00,    91225860.093953,    308.396757
47.10,    91226113.458341,    253.364388
47.20,    91226405.383406,    291.925065
47.30,    91226673.774397,    268.390991
47.40,    91226958.977444,    285.203046
47.50,    91227326.721928,    367.744484
47.60,    91227604.249664,    277.527736
47.70,    91227861.325733,    257.076069
47.80,    91228096.401677,    235.075943
47.90,    91228317.594070,    221.192393
48.00,    91228533.045391,    215.451321
48.10,    91228748.068461,    215.023070
48.20,    91228990.320588,    242.252126
48.30,    91229254.828363,    264.507775
48.40,    91229557.506848,    302.678485
48.50,    91229827.234179,    269.727331
48.60,    91230067.191327,    239.957147
48.70,    91230347.777767,    280.586440
48.80,    91230579.080217,    231.302451
48.90,    91230845.013639,    265.933422
49.00,    91231062.766616,    217.752976
49.10,    91231315.080901,    252.314286
49.20,    91231539.625750,    224.544849
49.30,    91231763.413300,    223.787550
49.40,    91231981.741968,    218.328667
49.50,    91232294.008944,    312.266977
49.60,    91232505.664769,    211.655825
49.70,    91232689.060626,    183.395857
49.80,    91232902.972616,    213.911990
49.90,    91233113.558571,    210.585955
50.00,    91233339.937416,    226.378845
50.10,    91233553.684740,    213.747324
50.20,    91233760.441471,    206.756731
50.30,    91233949.854910,    189.413440
50.40,    91234155.650411,    205.795500
50.50,    91234365.454792,    209.804381
50.60,    91234568.857826,    203.403034
50.70,    91234739.613353,    170.755528
50.80,    91234942.558230,    202.944876
50.90,    91235132.525054,    189.966825
51.00,    91235378.601904,    246.076849
51.10,    91235537.735512,    159.133608
51.20,    91235697.960308,    160.224795
51.30,    91235860.995118,    163.034810
51.40,    91236041.274150,    180.279032
51.50,    91236229.105166,    187.831016
51.60,    91236413.590158,    184.484993
51.70,    91236568.472903,    154.882744
51.80,    91236745.391695,    176.918792
51.90,    91236908.084776,    162.693081
52.00,    91237060.610861,    152.526084
52.10,    91237264.894421,    204.283561
52.20,    91237424.443700,    159.549279
52.30,    91237622.941572,    198.497872
52.40,    91237779.311774,    156.370202
52.50,    91237928.096738,    148.784964
52.60,    91238087.330331,    159.233593
52.70,    91238221.363395,    134.033064
52.80,    91238378.293649,    156.930254
52.90,    91238546.299966,    168.006317
53.00,    91238728.585257,    182.285292
53.10,    91238887.683642,    159.098385
53.20,    91238983.223255,    95.539613
53.30,    91239118.281032,    135.057777
53.40,    91239202.518815,    84.237783
53.50,    91239329.782172,    127.263357
53.60,    91239475.124765,    145.342593
53.70,    91239635.956598,    160.831833
53.80,    91239740.176622,    104.220024
53.90,    91239874.744105,    134.567483
54.00,    91239997.574725,    122.830620
54.10,    91240119.995732,    122.421007
54.20,    91240265.406910,    145.411178
54.30,    91240407.093213,    141.686303
54.40,    91240527.377321,    120.284109
54.50,    91240659.531523,    132.154202
54.60,    91240804.520544,    144.989021
54.70,    91240951.001845,    146.481300
54.80,    91241101.423652,    150.421807
54.90,    91241243.105163,    141.681511
55.00,    91241395.111652,    152.006489
55.10,    91241524.021763,    128.910111
55.20,    91241645.265709,    121.243945
55.30,    91241789.114642,    143.848934
55.40,    91241912.345263,    123.230621
55.50,    91242052.204751,    139.859488
55.60,    91242185.262083,    133.057332
55.70,    91242327.477682,    142.215599
55.80,    91242459.936979,    132.459297
55.90,    91242586.254549,    126.317570
56.00,    91242729.941135,    143.686585
56.10,    91242849.057772,    119.116638
56.20,    91243002.765284,    153.707511
56.30,    91243132.446323,    129.681040
56.40,    91243278.233423,    145.787100
56.50,    91243392.605739,    114.372317
56.60,    91243501.498901,    108.893162
56.70,    91243612.301198,    110.802296
56.80,    91243759.809167,    147.507969
56.90,    91243873.985335,    114.176168
57.00,    91243992.928918,    118.943584
57.10,    91244117.469402,    124.540484
57.20,    91244237.861782,    120.392380
57.30,    91244357.218845,    119.357063
57.40,    91244492.992852,    135.774007
57.50,    91244622.379776,    129.386924
57.60,    91244763.872282,    141.492505
57.70,    91244896.765362,    132.893081
57.80,    91245080.994965,    184.229603
57.90,    91245226.567902,    145.572937
58.00,    91245374.938317,    148.370414
58.10,    91245512.716860,    137.778543
58.20,    91245640.869653,    128.152793
58.30,    91245768.966904,    128.097251
58.40,    91245907.238139,    138.271235
58.50,    91246022.776498,    115.538359
58.60,    91246148.396841,    125.620342
58.70,    91246270.858718,    122.461877
58.80,    91246379.604413,    108.745695
58.90,    91246524.102418,    144.498005
59.00,    91246639.395936,    115.293518
59.10,    91246735.120790,    95.724854
59.20,    91246838.066075,    102.945286
59.30,    91246912.515053,    74.448978
59.40,    91247000.633027,    88.117974
59.50,    91247123.432320,    122.799293
59.60,    91247203.692778,    80.260457
59.70,    91247287.556196,    83.863419
59.80,    91247389.510648,    101.954452
59.90,    91247479.072278,    89.561630
60.00,    91247577.318665,    98.246387
60.10,    91247679.600109,    102.281443
60.20,    91247778.647562,    99.047453
60.30,    91247889.585375,    110.937813
60.40,    91247990.283329,    100.697954
60.50,    91248082.926362,    92.643033
60.60,    91248175.824463,    92.898101
60.70,    91248293.280611,    117.456148
60.80,    91248386.219290,    92.938679
60.90,    91248483.630779,    97.411488
61.00,    91248562.442382,    78.811604
61.10,    91248693.305987,    130.863604
61.20,    91248789.686930,    96.380943
61.30,    91248896.265554,    106.578624
61.40,    91248987.580900,    91.315345
61.50,    91249071.124128,    83.543228
61.60,    91249152.349867,    81.225739
61.70,    91249249.384640,    97.034773
61.80,    91249335.232313,    85.847673
61.90,    91249417.422153,    82.189840
62.00,    91249505.742447,    88.320294
62.10,    91249609.309742,    103.567295
62.20,    91249705.697160,    96.387418
62.30,    91249771.913634,    66.216473
62.40,    91249854.085646,    82.172013
62.50,    91249943.831814,    89.746168
62.60,    91250034.791301,    90.959487
62.70,    91250127.753364,    92.962063
62.80,    91250201.931316,    74.177951
62.90,    91250262.978537,    61.047221
63.00,    91250341.589584,    78.611047
63.10,    91250421.129110,    79.539526
63.20,    91250508.361654,    87.232543
63.30,    91250587.530808,    79.169154
63.40,    91250664.069598,    76.538791
63.50,    91250741.855387,    77.785789
63.60,    91250841.022462,    99.167075
63.70,    91250917.990837,    76.968375
63.80,    91251006.378440,    88.387602
63.90,    91251081.822679,    75.444239
64.00,    91251153.100009,    71.277330
64.10,    91251225.382910,    72.282901
64.20,    91251292.464232,    67.081322
64.30,    91251350.969861,    58.505628
64.40,    91251420.599953,    69.630092
64.50,    91251488.771819,    68.171866
64.60,    91251556.786095,    68.014276
64.70,    91251628.038873,    71.252779
64.80,    91251709.038017,    80.999143
64.90,    91251777.130565,    68.092549
65.00,    91251816.782640,    39.652074
65.10,    91251851.614744,    34.832104
65.20,    91251906.850400,    55.235656
65.30,    91251966.754035,    59.903635
65.40,    91252012.608304,    45.854269
65.50,    91252059.453660,    46.845356
65.60,    91252091.891684,    32.438024
65.70,    91252138.917232,    47.025547
65.80,    91252199.457128,    60.539896
65.90,    91252228.149396,    28.692268
66.00,    91252271.808194,    43.658799
66.10,    91252330.283900,    58.475705
66.20,    91252385.591247,    55.307347
66.30,    91252442.790204,    57.198957
66.40,    91252482.208547,    39.418343
66.50,    91252548.267704,    66.059157
66.60,    91252615.566122,    67.298418
66.70,    91252678.412972,    62.846850
66.80,    91252735.729438,    57.316466
66.90,    91252806.000993,    70.271556
67.00,    91252874.185362,    68.184369
67.10,    91252926.340927,    52.155564
67.20,    91252999.091972,    72.751045
67.30,    91253053.893230,    54.801258
67.40,    91253116.335713,    62.442484
67.50,    91253174.403790,    58.068076
67.60,    91253225.742246,    51.338457
67.70,    91253298.002177,    72.259931
67.80,    91253354.730400,    56.728223
67.90,    91253426.471108,    71.740707
68.00,    91253474.445466,    47.974359
68.10,    91253525.368997,    50.923531
68.20,    91253577.734928,    52.365931
68.30,    91253625.715823,    47.980895
68.40,    91253696.667849,    70.952026
68.50,    91253774.485946,    77.818097
68.60,    91253843.768015,    69.282069
68.70,    91253901.523045,    57.755030
68.80,    91253960.568372,    59.045327
68.90,    91254010.098103,    49.529731
69.00,    91254051.402690,    41.304587
69.10,    91254086.979767,    35.577077
69.20,    91254136.889803,    49.910035
69.30,    91254187.397834,    50.508031
69.40,    91254254.069954,    66.672120
69.50,    91254302.215908,    48.145954
69.60,    91254350.495435,    48.279527
69.70,    91254409.462641,    58.967206
69.80,    91254473.350831,    63.888190
69.90,    91254537.220226,    63.869394
70.00,    91254613.660467,    76.440241
70.10,    91254700.138457,    86.477991
70.20,    91254761.992826,    61.854369
70.30,    91254811.483984,    49.491157
70.40,    91254853.817750,    42.333766
70.50,    91254903.984376,    50.166626
70.60,    91254960.470222,    56.485846
70.70,    91255007.162731,    46.692509
70.80,    91255070.667904,    63.505173
70.90,    91255114.925134,    44.257230
71.00,    91255174.119670,    59.194536
71.10,    91255239.171732,    65.052062
71.20,    91255305.827691,    66.655959
71.30,    91255370.460760,    64.633070
71.40,    91255406.818682,    36.357922
71.50,    91255440.169924,    33.351242
71.60,    91255474.292893,    34.122968
71.70,    91255515.987047,    41.694154
71.80,    91255576.692282,    60.705235
71.90,    91255633.671197,    56.978915
72.00,    91255687.040886,    53.369688
72.10,    91255721.059156,    34.018270
72.20,    91255772.364438,    51.305282
72.30,    91255822.583580,    50.219142
72.40,    91255868.367359,    45.783779
72.50,    91255929.924671,    61.557312
72.60,    91255981.057369,    51.132698
72.70,    91256021.816097,    40.758728
72.80,    91256061.136039,    39.319942
72.90,    91256111.446094,    50.310055
73.00,    91256170.489502,    59.043408
73.10,    91256211.919929,    41.430426
73.20,    91256245.829547,    33.909619
73.30,    91256293.308175,    47.478628
73.40,    91256331.106717,    37.798541
73.50,    91256375.232512,    44.125795
73.60,    91256416.064403,    40.831891
73.70,    91256471.638264,    55.573861
73.80,    91256511.072301,    39.434037
73.90,    91256573.703727,    62.631426
74.00,    91256621.224161,    47.520434
74.10,    91256668.734603,    47.510442
74.20,    91256716.802353,    48.067751
74.30,    91256748.782699,    31.980346
74.40,    91256808.128060,    59.345360
74.50,    91256864.307090,    56.179030
74.60,    91256897.604000,    33.296910
74.70,    91256958.678480,    61.074480
74.80,    91257007.660234,    48.981755
74.90,    91257058.872191,    51.211957
75.00,    91257102.827259,    43.955067
75.10,    91257139.991619,    37.164361
75.20,    91257173.755347,    33.763727
75.30,    91257207.227479,    33.472132
75.40,    91257247.128805,    39.901326
75.50,    91257296.274555,    49.145749
75.60,    91257330.787862,    34.513307
75.70,    91257366.829983,    36.042121
75.80,    91257413.196972,    46.366989
75.90,    91257454.278005,    41.081033
76.00,    91257494.322841,    40.044836
76.10,    91257546.457374,    52.134532
76.20,    91257602.754257,    56.296884
76.30,    91257686.356900,    83.602643
76.40,    91257750.346743,    63.989843
76.50,    91257811.350295,    61.003552
76.60,    91257869.794509,    58.444213
76.70,    91257926.804160,    57.009652
76.80,    91257972.544985,    45.740824
76.90,    91258023.632890,    51.087905
77.00,    91258080.787152,    57.154262
77.10,    91258133.640767,    52.853615
77.20,    91258191.744132,    58.103366
77.30,    91258237.025166,    45.281033
77.40,    91258288.622850,    51.597684
77.50,    91258344.714112,    56.091262
77.60,    91258404.359942,    59.645830
77.70,    91258448.454499,    44.094557
77.80,    91258490.564079,    42.109580
77.90,    91258539.231469,    48.667389
78.00,    91258583.328077,    44.096609
78.10,    91258645.218107,    61.890030
78.20,    91258695.644626,    50.426519
78.30,    91258750.851536,    55.206910
78.40,    91258804.700921,    53.849385
78.50,    91258863.496238,    58.795317
78.60,    91258922.469174,    58.972936
78.70,    91258969.077001,    46.607828
78.80,    91259012.181889,    43.104887
78.90,    91259041.780135,    29.598247
79.00,    91259081.190009,    39.409874
79.10,    91259134.800426,    53.610417
79.20,    91259191.799882,    56.999456
79.30,    91259243.006602,    51.206720
79.40,    91259300.589633,    57.583030
79.50,    91259365.399640,    64.810008
79.60,    91259410.274682,    44.875042
79.70,    91259464.683960,    54.409277
79.80,    91259508.828139,    44.144180
79.90,    91259564.955923,    56.127784
80.00,    91259618.838041,    53.882119
80.10,    91259665.120219,    46.282178
80.20,    91259710.485011,    45.364791
80.30,    91259753.230649,    42.745638
80.40,    91259796.188114,    42.957466
80.50,    91259835.947563,    39.759449
80.60,    91259874.655479,    38.707916
80.70,    91259930.169154,    55.513674
80.80,    91259970.230030,    40.060876
80.90,    91260003.327990,    33.097960
81.00,    91260044.670897,    41.342907
81.10,    91260077.664893,    32.993996
81.20,    91260102.358946,    24.694053
81.30,    91260136.561407,    34.202461
81.40,    91260171.030372,    34.468965
81.50,    91260209.605806,    38.575434
81.60,    91260244.995196,    35.389390
81.70,    91260286.663551,    41.668354
81.80,    91260316.295558,    29.632008
81.90,    91260348.990853,    32.695294
82.00,    91260390.120775,    41.129923
82.10,    91260434.035786,    43.915011
82.20,    91260488.594317,    54.558531
82.30,    91260523.779355,    35.185038
82.40,    91260578.869028,    55.089673
82.50,    91260627.305531,    48.436502
82.60,    91260668.626231,    41.320700
82.70,    91260713.735126,    45.108895
82.80,    91260759.374713,    45.639587
82.90,    91260816.375804,    57.001090
83.00,    91260885.866267,    69.490464
83.10,    91260948.875771,    63.009503
83.20,    91261002.534837,    53.659066
83.30,    91261040.809239,    38.274402
83.40,    91261079.940642,    39.131403
83.50,    91261116.971287,    37.030645
83.60,    91261156.646518,    39.675232
83.70,    91261200.857256,    44.210738
83.80,    91261237.001329,    36.144072
83.90,    91261269.230639,    32.229311
84.00,    91261294.673956,    25.443316
84.10,    91261313.889878,    19.215922
84.20,    91261343.818323,    29.928445
84.30,    91261370.791234,    26.972912
84.40,    91261393.602147,    22.810912
84.50,    91261418.117029,    24.514882
84.60,    91261438.666585,    20.549556
84.70,    91261454.040161,    15.373575
84.80,    91261463.972221,    9.932060
84.90,    91261475.670773,    11.698552
85.00,    91261490.550759,    14.879986
85.10,    91261499.329824,    8.779065
85.20,    91261511.563980,    12.234157
85.30,    91261526.351552,    14.787572
85.40,    91261539.073237,    12.721685
85.50,    91261552.016983,    12.943746
85.60,    91261571.539489,    19.522506
85.70,    91261591.679961,    20.140472
85.80,    91261603.459170,    11.779209
85.90,    91261619.857936,    16.398766
86.00,    91261645.426109,    25.568173
86.10,    91261674.864604,    29.438495
86.20,    91261712.220505,    37.355900
86.30,    91261748.067550,    35.847045
86.40,    91261773.488785,    25.421235
86.50,    91261808.205512,    34.716727
86.60,    91261834.228930,    26.023418
86.70,    91261863.284391,    29.055460
86.80,    91261892.556802,    29.272411
86.90,    91261914.861405,    22.304603
87.00,    91261952.257142,    37.395737
87.10,    91261988.493126,    36.235984
87.20,    91262021.377600,    32.884474
87.30,    91262046.623162,    25.245562
87.40,    91262075.483776,    28.860614
87.50,    91262113.268860,    37.785084
87.60,    91262143.681828,    30.412968
87.70,    91262180.400827,    36.718999
87.80,    91262210.535851,    30.135024
87.90,    91262258.517102,    47.981251
88.00,    91262304.295822,    45.778719
88.10,    91262360.009600,    55.713779
88.20,    91262419.984224,    59.974623
88.30,    91262469.348183,    49.363960
88.40,    91262508.264678,    38.916494
88.50,    91262543.354815,    35.090138
88.60,    91262587.139707,    43.784892
88.70,    91262627.529900,    40.390193
88.80,    91262667.027635,    39.497735
88.90,    91262711.220691,    44.193056
89.00,    91262751.185449,    39.964758
89.10,    91262788.754791,    37.569342
89.20,    91262818.757255,    30.002465
89.30,    91262844.214563,    25.457308
89.40,    91262868.666981,    24.452418
89.50,    91262886.918427,    18.251446
89.60,    91262909.895311,    22.976884
89.70,    91262948.806374,    38.911063
89.80,    91262983.552772,    34.746398
89.90,    91263018.388498,    34.835726
90.00,    91263050.590024,    32.201526
90.10,    91263082.447482,    31.857457
90.20,    91263115.775327,    33.327845
90.30,    91263148.838048,    33.062722
90.40,    91263178.265314,    29.427266
90.50,    91263208.164615,    29.899301
90.60,    91263236.362746,    28.198131
90.70,    91263275.451402,    39.088656
90.80,    91263310.381881,    34.930478
90.90,    91263332.538901,    22.157020
91.00,    91263354.486401,    21.947500
91.10,    91263376.687398,    22.200997
91.20,    91263407.896347,    31.208949
91.30,    91263422.087265,    14.190918
91.40,    91263436.957263,    14.869998
91.50,    91263458.441813,    21.484551
91.60,    91263481.786687,    23.344873
91.70,    91263500.176130,    18.389443
91.80,    91263515.658449,    15.482319
91.90,    91263539.698211,    24.039762
92.00,    91263559.758592,    20.060382
92.10,    91263581.393652,    21.635060
92.20,    91263589.964611,    8.570959
92.30,    91263598.085564,    8.120953
92.40,    91263612.954284,    14.868720
92.50,    91263630.971133,    18.016849
92.60,    91263647.759033,    16.787900
92.70,    91263662.853332,    15.094298
92.80,    91263689.147242,    26.293910
92.90,    91263710.651957,    21.504715
93.00,    91263729.384098,    18.732141
93.10,    91263751.262333,    21.878235
93.20,    91263773.816934,    22.554601
93.30,    91263796.229273,    22.412339
93.40,    91263835.533456,    39.304183
93.50,    91263854.468899,    18.935443
93.60,    91263870.964849,    16.495950
93.70,    91263885.480713,    14.515864
93.80,    91263900.219684,    14.738971
93.90,    91263917.606312,    17.386628
94.00,    91263936.137491,    18.531179
94.10,    91263958.873392,    22.735901
94.20,    91263979.508257,    20.634865
94.30,    91264005.464718,    25.956461
94.40,    91264025.976981,    20.512263
94.50,    91264043.013091,    17.036110
94.60,    91264066.246212,    23.233121
94.70,    91264082.999323,    16.753111
94.80,    91264101.736643,    18.737320
94.90,    91264119.954874,    18.218231
95.00,    91264136.782491,    16.827617
95.10,    91264152.310050,    15.527559
95.20,    91264168.159508,    15.849459
95.30,    91264183.876173,    15.716665
95.40,    91264203.541389,    19.665215
95.50,    91264219.973584,    16.432195
95.60,    91264238.674380,    18.700796
95.70,    91264254.716387,    16.042007
95.80,    91264271.938937,    17.222550
95.90,    91264291.524278,    19.585342
96.00,    91264307.243456,    15.719178
96.10,    91264321.934237,    14.690781
96.20,    91264342.644128,    20.709892
96.30,    91264360.266847,    17.622719
96.40,    91264375.937519,    15.670672
96.50,    91264387.436771,    11.499252
96.60,    91264401.128339,    13.691567
96.70,    91264418.694875,    17.566536
96.80,    91264436.776633,    18.081758
96.90,    91264453.683352,    16.906719
97.00,    91264470.933940,    17.250588
97.10,    91264491.163707,    20.229768
97.20,    91264514.425900,    23.262193
97.30,    91264536.491983,    22.066083
97.40,    91264554.334316,    17.842333
97.50,    91264572.306144,    17.971827
97.60,    91264592.577846,    20.271702
97.70,    91264611.986076,    19.408230
97.80,    91264632.784364,    20.798288
97.90,    91264654.805485,    22.021120
98.00,    91264670.899830,    16.094346
98.10,    91264686.687597,    15.787766
98.20,    91264704.030035,    17.342439
98.30,    91264720.724205,    16.694170
98.40,    91264735.917064,    15.192859
98.50,    91264754.749195,    18.832131
98.60,    91264780.160114,    25.410919
98.70,    91264806.966155,    26.806040
98.80,    91264831.518887,    24.552732
98.90,    91264852.455559,    20.936673
99.00,    91264870.718754,    18.263194
99.10,    91264891.221651,    20.502897
99.20,    91264913.745577,    22.523927
99.30,    91264932.613603,    18.868026
99.40,    91264951.046781,    18.433178
99.50,    91264971.772776,    20.725994
99.60,    91264996.023601,    24.250826
99.70,    91265020.088115,    24.064513
99.80,    91265040.373304,    20.285189
99.90,    91265059.934691,    19.561387
100.00,    91265083.058541,    23.123850
100.10,    91265102.355198,    19.296657
100.20,    91265123.964592,    21.609394
100.30,    91265145.612525,    21.647933
100.40,    91265164.319526,    18.707001
100.50,    91265187.076619,    22.757093
100.60,    91265206.038273,    18.961655
100.70,    91265228.725807,    22.687534
100.80,    91265247.146799,    18.420992
100.90,    91265266.952466,    19.805667
101.00,    91265285.418911,    18.466445
