nout	nsum	cfl	tlength	tsum	dmax1	vmax1	dmax2	vmax2	dmax3	vmax3	volume1	volume2	volume3	ekin
R	-----	-----	-----	-----	*1.000	-----	*0.000	-----	*0.000	-----	*41600.000	*0.000	*0.000	-----
0	0	-----	-----	0.0	1.000	0.00	0.000	0.00	0.000	0.00	41600.000	0.000	0.000	-----
1	7	0.388	37.4	5.5	1.531	18.70	0.000	0.00	0.000	0.00	41587.379	0.000	0.000	12207025152
2	15	0.389	26.7	10.2	2.485	25.70	0.000	0.00	0.000	0.00	41572.773	0.000	0.000	18243526656
3	25	0.382	25.4	15.2	3.165	27.59	0.000	0.00	0.000	0.00	41547.141	0.000	0.000	17000842240
4	34	0.388	31.1	20.2	3.536	22.87	0.000	0.00	0.000	0.00	41499.336	0.000	0.000	14444764160
5	43	0.391	27.8	25.4	4.309	22.75	0.000	0.00	0.000	0.00	41395.828	0.000	0.000	12283158528
6	52	0.400	30.3	30.2	4.136	20.98	0.000	0.00	0.000	0.00	41249.480	0.000	0.000	10999770112
7	61	0.396	30.0	35.3	3.565	22.27	0.000	0.00	0.000	0.00	41087.660	0.000	0.000	10694415360
8	69	0.395	33.2	40.2	3.737	21.28	0.000	0.00	0.000	0.00	40940.340	0.000	0.000	9283932160
9	77	0.388	32.4	45.3	3.517	19.45	0.000	0.00	0.000	0.00	40803.895	0.000	0.000	8527906816
10	85	0.400	25.4	50.2	3.526	21.00	0.000	0.00	0.000	0.00	40693.098	0.000	0.000	7871809536
11	93	0.398	36.5	55.2	3.658	17.33	0.000	0.00	0.000	0.00	40609.031	0.000	0.000	7394165248
12	100	0.387	36.0	60.1	3.776	16.46	0.000	0.00	0.000	0.00	40537.859	0.000	0.000	7006607360
13	108	0.399	27.5	65.3	3.430	19.01	0.000	0.00	0.000	0.00	40470.148	0.000	0.000	6208268288
14	115	0.393	28.9	70.2	3.213	16.19	0.000	0.00	0.000	0.00	40415.277	0.000	0.000	6057749504
15	123	0.396	36.2	75.4	3.284	17.64	0.000	0.00	0.000	0.00	40356.156	0.000	0.000	6373824512
16	130	0.397	38.1	80.3	3.428	17.89	0.000	0.00	0.000	0.00	40303.750	0.000	0.000	5788744704
17	137	0.399	30.2	85.3	2.836	15.71	0.000	0.00	0.000	0.00	40250.227	0.000	0.000	5311345664
18	144	0.395	39.4	90.6	2.987	15.00	0.000	0.00	0.000	0.00	40195.000	0.000	0.000	5357192192
19	150	0.383	41.5	95.3	2.792	14.22	0.000	0.00	0.000	0.00	40147.648	0.000	0.000	4846756352
20	156	0.375	45.7	100.4	2.439	13.73	0.000	0.00	0.000	0.00	40104.773	0.000	0.000	4468163584
21	162	0.386	37.2	105.8	2.246	13.39	0.000	0.00	0.000	0.00	40052.117	0.000	0.000	4039295488
22	167	0.396	50.6	110.7	2.028	13.42	0.000	0.00	0.000	0.00	39996.789	0.000	0.000	3775412224
23	173	0.394	37.7	115.8	1.732	12.81	0.000	0.00	0.000	0.00	39895.879	0.000	0.000	3372954624
24	178	0.396	53.4	120.3	1.595	12.66	0.000	0.00	0.000	0.00	39746.914	0.000	0.000	3102230528
25	183	0.389	55.5	125.5	1.330	12.25	0.000	0.00	0.000	0.00	39515.016	0.000	0.000	2949827584
26	189	0.400	36.5	130.3	1.635	20.99	0.000	0.00	0.000	0.00	39219.051	0.000	0.000	3646204672
27	196	0.393	37.1	135.1	1.854	17.55	0.000	0.00	0.000	0.00	38946.383	0.000	0.000	3744883968
28	203	0.399	40.8	140.3	1.958	16.19	0.000	0.00	0.000	0.00	38708.238	0.000	0.000	3453063424
29	209	0.382	46.8	145.4	1.813	15.78	0.000	0.00	0.000	0.00	38508.984	0.000	0.000	2970626560
30	214	0.376	50.2	150.2	1.388	15.49	0.000	0.00	0.000	0.00	38341.090	0.000	0.000	2505316352
31	219	0.375	51.7	155.2	1.069	15.04	0.000	0.00	0.000	0.00	38178.367	0.000	0.000	2247676928
32	224	0.389	56.2	160.4	0.948	14.40	0.000	0.00	0.000	0.00	38022.320	0.000	0.000	2213783296
33	229	0.389	43.5	165.4	1.172	16.68	0.000	0.00	0.000	0.00	37868.410	0.000	0.000	2407524608
34	235	0.387	36.7	170.5	1.255	14.64	0.000	0.00	0.000	0.00	37717.688	0.000	0.000	2253909760
35	240	0.377	43.9	175.1	1.153	13.95	0.000	0.00	0.000	0.00	37599.473	0.000	0.000	2164151040
36	245	0.385	58.8	180.7	0.909	13.76	0.000	0.00	0.000	0.00	37478.945	0.000	0.000	1994714112
37	249	0.384	60.8	185.4	0.830	13.28	0.000	0.00	0.000	0.00	37378.223	0.000	0.000	1779254016
38	253	0.390	64.2	190.2	0.805	12.66	0.000	0.00	0.000	0.00	37278.328	0.000	0.000	1513071232
39	257	0.400	67.9	195.3	0.890	12.22	0.000	0.00	0.000	0.00	37174.148	0.000	0.000	1241809408
40	261	0.398	53.3	200.1	0.845	11.48	0.000	0.00	0.000	0.00	37075.477	0.000	0.000	1025656128
41	266	0.320	54.0	206.0	0.777	11.38	0.000	0.00	0.000	0.00	36964.598	0.000	0.000	874843136
42	270	0.320	54.2	210.8	0.743	11.26	0.000	0.00	0.000	0.00	36877.711	0.000	0.000	795361792
43	274	0.321	54.5	215.7	0.729	11.02	0.000	0.00	0.000	0.00	36796.883	0.000	0.000	733464832
44	278	0.327	55.1	220.7	0.736	10.33	0.000	0.00	0.000	0.00	36715.160	0.000	0.000	674891136
45	282	0.324	55.7	225.7	0.761	10.09	0.000	0.00	0.000	0.00	36637.578	0.000	0.000	619128832
46	286	0.316	56.0	230.8	0.793	9.14	0.000	0.00	0.000	0.00	36557.996	0.000	0.000	568992384
47	290	0.316	56.8	235.9	0.812	9.01	0.000	0.00	0.000	0.00	36480.133	0.000	0.000	524626304
48	294	0.317	57.4	241.2	0.822	8.87	0.000	0.00	0.000	0.00	36404.102	0.000	0.000	485176736
49	297	0.318	57.1	245.1	0.830	8.75	0.000	0.00	0.000	0.00	36351.926	0.000	0.000	458300416
50	301	0.320	57.4	250.5	0.846	8.63	0.000	0.00	0.000	0.00	36284.090	0.000	0.000	427655776
51	305	0.321	57.2	255.8	0.886	8.50	0.000	0.00	0.000	0.00	36214.504	0.000	0.000	400907200
52	309	0.322	56.5	261.3	0.904	8.39	0.000	0.00	0.000	0.00	36151.195	0.000	0.000	376605728
53	312	0.318	54.7	265.3	0.932	8.14	0.000	0.00	0.000	0.00	36102.980	0.000	0.000	358079168
54	316	0.316	55.8	270.6	0.951	8.01	0.000	0.00	0.000	0.00	36039.836	0.000	0.000	341471008
55	320	0.314	53.6	275.9	0.961	7.98	0.000	0.00	0.000	0.00	35982.523	0.000	0.000	320163008
56	324	0.307	53.7	281.2	0.967	7.12	0.000	0.00	0.000	0.00	35923.691	0.000	0.000	303332064
57	327	0.296	54.0	285.2	0.964	7.04	0.000	0.00	0.000	0.00	35881.238	0.000	0.000	290306688
58	331	0.300	52.9	290.4	0.960	6.77	0.000	0.00	0.000	0.00	35829.340	0.000	0.000	275523808
59	335	0.296	52.5	295.7	0.969	6.64	0.000	0.00	0.000	0.00	35778.273	0.000	0.000	261903248
60	339	0.294	51.8	301.0	0.974	6.50	0.000	0.00	0.000	0.00	35727.488	0.000	0.000	247990320
61	343	0.289	50.9	306.3	0.982	6.35	0.000	0.00	0.000	0.00	35676.301	0.000	0.000	235938272
62	346	0.285	50.1	310.2	0.985	6.24	0.000	0.00	0.000	0.00	35642.793	0.000	0.000	226775280
63	350	0.284	49.0	315.4	0.990	6.10	0.000	0.00	0.000	0.00	35593.234	0.000	0.000	216473264
64	354	0.279	47.6	320.6	0.993	5.96	0.000	0.00	0.000	0.00	35544.430	0.000	0.000	206527680
65	358	0.277	46.2	325.7	0.992	5.82	0.000	0.00	0.000	0.00	35492.973	0.000	0.000	195400544
66	362	0.272	44.9	330.8	0.991	5.73	0.000	0.00	0.000	0.00	35450.793	0.000	0.000	186103184
67	366	0.273	45.1	335.9	0.987	5.72	0.000	0.00	0.000	0.00	35406.922	0.000	0.000	178083648
68	370	0.275	45.3	341.1	0.977	5.57	0.000	0.00	0.000	0.00	35364.344	0.000	0.000	170602112
69	374	0.275	45.7	346.3	0.973	5.47	0.000	0.00	0.000	0.00	35318.457	0.000	0.000	163636416
70	377	0.273	45.5	350.1	0.970	5.44	0.000	0.00	0.000	0.00	35281.840	0.000	0.000	158468048
71	381	0.272	45.7	355.3	0.965	5.42	0.000	0.00	0.000	0.00	35237.266	0.000	0.000	152089776
72	385	0.270	45.8	360.5	0.961	5.38	0.000	0.00	0.000	0.00	35190.188	0.000	0.000	146017152
73	389	0.269	45.6	365.6	0.957	5.35	0.000	0.00	0.000	0.00	35153.066	0.000	0.000	140162000
74	393	0.268	44.9	370.8	0.945	5.47	0.000	0.00	0.000	0.00	35113.047	0.000	0.000	135028576
75	397	0.267	43.7	375.9	0.955	5.29	0.000	0.00	0.000	0.00	35076.270	0.000	0.000	129120512
76	401	0.261	44.7	381.0	0.936	5.45	0.000	0.00	0.000	0.00	35037.133	0.000	0.000	125118184
77	405	0.261	43.0	386.1	0.941	5.23	0.000	0.00	0.000	0.00	34999.348	0.000	0.000	119368456
78	409	0.262	42.9	391.2	0.929	5.48	0.000	0.00	0.000	0.00	34961.602	0.000	0.000	116329144
79	413	0.259	42.7	396.2	0.922	5.31	0.000	0.00	0.000	0.00	34926.941	0.000	0.000	111092192
80	416	0.258	41.3	400.1	0.924	5.40	0.000	0.00	0.000	0.00	34900.633	0.000	0.000	109085336
